54,0,0,2,2,0,2,0,1,0,0
54,0,0,7350,1462,236,308,219,121,67,54
29,0,0,15308,3055,146,462,371,415,298,242
29,0,0,418088,39131,44833,3760,7862,6512,1482,2149
200,0,0,628548,183184,120286,109710,78201,74807,10465,5280
200,0,0,239783,267945,101319,20937,23005,188111,163972,51233
200,0,0,807928,406484,93135,123740,123004,185237,186178,30328
200,0,0,1484340,1256197,817966,690093,344559,202818,77535,32523
200,0,0,319133,56129,53621,87439,62192,39578,8593,3720
200,0,0,832606,1380547,356360,364785,410083,68844,73176,48098
200,0,0,776320,114856,14999,30417,25931,53715,65152,61762
200,0,0,324980,756794,92406,94987,75271,55055,44484,8257
200,0,0,2601580,194074,254801,139773,121177,105321,87690,53567
200,0,0,701393,489632,139411,110850,107158,90877,20011,27997
200,0,0,956890,272334,49332,80979,313618,160524,76038,49843
200,0,0,309936,90731,30345,92345,102284,99403,58642,26454
200,0,0,54337,53499,13322,8417,10188,12156,5836,2663
200,0,0,454349,232976,72928,191908,86780,81282,46676,34127
200,0,0,581384,797645,280267,165065,283704,204898,103109,66066
200,0,0,72688,86429,37177,115019,24058,91643,40729,57567
200,0,0,165401,68803,14147,29631,66810,55976,11943,24188
200,0,0,1836736,442678,551208,231290,413062,396098,291931,429380
200,0,0,685519,49998,14559,9052,2663,1510,611,356
200,0,0,968021,104732,72345,140264,311980,154490,75330,38140
51,0,0,53588,12415,17839,19289,11912,15816,7371,5528
25,0,0,922438,104203,66765,101375,81381,31073,4578,1770
51,0,0,942614,344832,208439,105650,52034,67694,19625,27764
51,0,0,561058,296530,75414,181712,137642,94343,10402,26114
26,0,0,517016,329704,147449,80961,5531,47430,42818,67897
0,0,0,1303962,1188103,230907,289802,214742,135203,162515,124525
0,0,0,1724177,210989,97269,142080,124694,59916,49474,26705
0,0,0,176182,78570,24988,20151,19820,8480,8256,5212
0,54,48,2414956,130569,48694,128020,136995,48728,32206,34528
0,69,29,704271,259097,42513,49617,48198,49236,52537,28047
0,66,53,853509,84629,11558,118429,42645,17420,20024,19294
0,61,35,1101300,1447502,118786,248212,131084,129968,149440,67725
0,27,30,805810,61203,12000,27655,24439,3308,8870,6129
0,23,34,1527233,99327,6292,29616,32495,16032,26506,19939
0,40,34,620529,17862,19609,9096,10085,6183,5845,2471
0,60,64,1252305,340771,225368,120300,114047,99706,79609,24318
0,100,69,817757,671475,363161,251804,238225,247796,213214,67617
0,75,97,1557940,189752,47086,84416,39046,10888,46140,28844
0,51,70,403227,345217,108960,51298,65714,26471,57190,29635
0,37,41,1726992,617928,99750,6144,58743,54165,119300,102675
0,7,20,1329738,591059,106454,36081,115603,38401,63232,107984
0,21,14,293618,123084,41095,26354,12276,12852,51448,13858
0,21,16,782387,329787,59612,51995,22146,21540,44810,14761
0,34,53,316691,28456,5920,23348,4833,7469,5842,3959
0,26,47,380726,598044,35934,38430,42331,28181,36136,43012
0,34,37,1618634,187596,16653,48569,20009,23057,36594,35108
0,43,30,464483,104278,14307,12959,21153,10328,13076,6317
0,34,1,19830,12924,924,1165,1549,1256,1877,1524
0,44,13,171214,956998,282584,70978,149273,85270,122580,61042
0,57,20,1668908,131391,47143,17482,28196,29748,22846,33061
0,60,27,1634493,742706,139183,131852,138684,82031,143174,104454
0,75,50,557074,119570,13338,72327,60810,30869,40142,24277
0,70,44,1915695,325817,22132,59720,30763,24469,10278,42504
0,60,29,679900,202811,23352,17466,6235,22623,26502,27059
0,54,30,232622,143776,14237,47227,41741,12766,19045,13503
0,41,35,679230,236938,89767,62606,36214,30811,65488,27826
0,50,41,153493,69749,11913,13673,4611,8173,5528,8605
0,27,61,2157421,1049819,180619,351926,132756,56884,197130,110458
0,54,83,2311323,33339,26255,49687,23732,28718,25030,25648
0,53,77,757525,54882,9582,16003,5215,6972,15960,11864
0,60,66,1233085,91375,6036,16590,18123,14544,12567,20129
0,61,48,646772,326558,39891,33068,35768,15118,53439,20277
0,50,26,1099781,138083,10592,46016,25826,28549,17435,13520
0,54,38,939347,85547,29901,46875,18068,18094,32979,17850
0,37,61,1610914,234093,113622,40449,20813,19461,20206,16154
0,56,56,1001615,192904,8058,30366,20147,24153,36124,34485
0,44,56,150008,27241,8049,2908,3907,3468,6348,4291
0,40,64,409254,20681,22703,13956,6985,4731,12962,6044
0,47,57,69144,10288,4853,1218,1470,1179,5684,1102
0,44,51,115419,51102,1383,2968,7306,4756,4033,1684
0,47,66,1142438,307335,129687,229954,137462,64816,26920,32243
0,38,50,1395265,175120,68489,24110,67088,15541,46925,15076
51,38,50,1213724,25913,13094,33899,7087,23989,10848,13168
0,43,60,1449045,41441,22022,15029,2037,7456,23811,4619
0,60,74,405063,94011,12047,6560,4741,21753,6692,5554
0,63,57,1594444,273006,50725,64884,169294,44813,14335,3700
51,63,57,878114,58902,64575,61605,93194,89737,75449,73010
26,63,57,1592486,188273,5097,41587,42879,103061,5436,2916
0,80,56,984341,50663,11508,9135,11620,9780,4949,5081
0,88,23,152582,87620,5477,3234,6694,13791,7554,4107
0,70,47,592591,40782,11412,33787,8663,6771,3759,1561
0,74,61,832968,88829,32930,48331,10586,21851,19729,30896
0,84,66,184240,35347,10818,32971,29139,37495,12507,16106
0,88,94,448162,48094,34025,26442,29788,35136,13871,10727
0,100,78,1719388,54582,27768,23848,77948,56417,15931,18578
0,100,57,522978,37478,5628,14575,10591,73521,20018,25773
0,84,30,1603057,651303,5435,13924,37578,22878,21550,41622
0,75,3,552637,267572,3858,10525,22472,75059,26923,13148
0,51,16,77937,57081,16694,65500,59210,24276,31231,25702
0,35,35,631143,55850,22502,18648,19093,27771,36651,12707
0,53,63,745500,93546,27927,23557,15028,23559,41425,15905
0,44,78,441827,130830,17601,22141,95443,23939,26058,20159
0,54,70,477870,57297,34192,14772,40898,38210,28709,11933
0,41,61,1323276,177608,24088,13425,32869,16823,26740,26194
0,41,66,2135643,119256,27640,83785,35816,42437,60033,25740
0,54,75,705304,53027,12501,25546,38848,38251,48481,13290
0,48,67,1753482,86384,3605,21743,20930,26123,27183,13085
0,69,69,2097249,78016,10592,25395,29233,60270,40960,26059
0,75,60,1269807,61994,9200,18605,30465,23811,72347,46865
0,70,53,643616,164739,35481,8773,32072,62923,44013,10300
0,70,61,446962,43746,15024,23171,29832,19674,53603,10385
0,61,70,471429,25977,17054,24569,40198,15874,27491,9310
0,56,83,68608,37485,44658,12544,35639,15868,23340,12175
0,47,90,629149,175883,56240,7822,36784,30694,34413,20678
0,53,94,568750,19479,21886,23040,20048,25846,24498,22793
0,54,97,120880,33212,72696,8411,43049,31431,54574,27095
0,38,100,385239,284936,89515,155712,41171,24532,36585,23951
0,43,100,573563,7907,13154,3726,17316,5101,15764,5781
0,48,97,23860,31324,14837,3558,15854,29824,26737,27375
0,38,93,148947,96622,10965,62248,40938,18904,34129,10370
0,60,80,79862,49935,4801,14008,10505,18858,32395,12867
0,66,74,498365,49151,29603,7971,49623,30474,19566,3996
0,37,70,822907,197669,27703,17730,5620,10994,13523,6815
0,37,66,3478536,202722,27420,83006,139605,34442,40469,15484
0,23,75,169513,91464,54354,9669,13680,13357,13185,10407
0,3,69,2114750,351053,53320,17833,28964,26146,29144,24457
0,4,80,778361,28739,8917,8863,5565,2069,1861,727
0,1,69,1851867,461645,42354,37772,89084,49179,21232,35253
0,11,67,188103,4474,1858,2075,2546,1890,3933,1662
0,14,64,1248894,255232,29527,20661,80776,26317,53187,30528
0,20,64,1301384,353956,180032,67245,114985,48050,36511,19893
0,24,87,783577,29962,29975,15180,10475,10982,9402,8770
0,21,81,1410653,195750,48453,25217,4920,47956,12620,8577
0,35,88,1749287,132636,41870,11122,26070,52281,14938,7804
0,38,87,543884,134013,57521,21440,39946,18271,31367,14657
0,44,70,1038082,365625,100509,59135,82236,148381,43376,9110
0,41,80,173481,102660,24895,50288,5414,18677,18685,4777
0,35,87,751071,10200,1172,5850,2144,3041,3195,826
0,51,84,1006759,212418,102713,39017,46486,119014,45010,26047
0,51,91,2057479,118343,99312,46239,125718,89045,24468,35411
0,47,66,702642,136824,6344,5495,21594,11111,14713,7461
0,44,77,2826102,137198,226029,17888,94452,50884,99743,41193
0,34,64,1211822,124081,20488,5732,9181,21380,10000,10209
0,17,64,188175,28476,7603,6735,2428,3465,4068,1686
0,27,74,1733874,149762,9751,15063,31042,25299,22032,5457
0,20,50,1514888,555722,39483,40344,38180,47357,42638,75078
0,20,53,772772,274069,22864,49943,29231,47786,25064,29188
0,21,38,2408062,448643,6903,62920,79601,48449,39117,31768
0,34,41,475412,122310,29304,7600,60596,65382,46431,17704
0,30,35,717093,137662,8461,5113,17252,9472,16500,8304
0,27,29,315656,62250,4057,7179,7325,7030,7406,8606
0,27,24,551427,393143,30960,6948,33511,42494,95816,22737
0,10,44,1268802,62768,28522,30184,7738,9995,6926,6715
0,3,51,1325911,435533,39433,40664,59826,18744,28749,17932
0,1,53,312263,482204,78948,7802,47583,29401,58237,15755
0,1,61,2867507,541788,35597,69130,35861,52902,34560,32813
0,3,56,94560,71218,31941,33727,34420,22707,55069,29494
0,17,63,1541539,351237,60899,43451,11299,63021,39175,16032
0,24,67,659921,233743,26476,45891,55729,30393,60343,74039
0,37,87,868164,78150,51942,47972,11552,33224,29606,12290
0,37,75,588977,197509,16804,39352,23526,43890,36911,14352
0,34,83,518034,50073,20112,30731,39620,10617,16744,11268
0,26,87,2003870,423625,105272,77415,76144,34307,48266,21086
0,17,78,360124,97669,29312,23124,20662,15199,31277,4682
0,7,64,269729,159708,7887,3694,6059,10977,13999,12206
0,20,64,608307,61517,23852,26880,5304,37125,46000,12458
0,27,69,49395,56330,8224,22970,5219,8314,3867,4735
0,37,74,54706,38305,31622,12776,25757,18167,28135,15014
0,57,96,143949,31898,33877,12282,47210,30208,12758,29332
0,47,100,77163,41598,9329,45240,28658,11499,20127,16019
0,48,90,89292,166300,23426,24026,47842,30588,19342,12164
0,48,84,163293,41847,5749,18030,16605,14840,7995,5179
0,27,67,349242,322390,12639,28938,55962,26175,18472,22916
0,40,54,1126815,31836,7300,6640,6444,16189,14349,5708
0,50,69,95736,34066,14824,39166,28351,25360,52645,15955
0,47,77,638685,125014,74114,35470,40697,44230,74202,18122
0,44,78,742633,369817,15121,38799,17432,22449,28110,36667
0,37,84,461252,125485,32336,40709,19603,33919,34151,19516
0,23,77,276526,250019,66237,34745,59117,29006,26037,5420
0,24,61,663489,92754,15263,12052,54745,25380,29876,20403
0,34,81,521566,40537,28730,13690,8194,10115,6454,3663
0,35,78,210820,36639,6688,8888,6278,9720,3944,3038
0,53,90,82927,20851,17206,50474,26928,37658,23482,8352
0,41,96,435958,199071,38555,24512,23088,19639,34845,21688
0,50,94,420902,125535,106979,10813,13454,57098,29648,34029
0,47,100,21308,67542,15561,33194,10660,18332,56460,9685
0,37,96,27417,37598,14837,33787,19748,17383,29708,8204
0,56,93,37946,36538,6393,8109,15411,21936,17530,6965
0,40,83,533156,20425,2181,4516,2263,1500,529,393
0,48,81,48750,16509,512,18537,15372,9779,7858,15092
0,48,75,8644,65935,16805,15293,13573,19995,25184,14306
0,56,80,58026,18447,7895,14353,16993,33936,20090,6988
0,87,81,383303,13524,11167,4935,14248,20559,15595,23942
0,81,83,26451,36254,9987,32915,36722,14457,27323,7497
0,87,81,501950,59047,5689,21108,16969,25236,11771,9082
0,75,77,556426,144079,11104,35047,36149,61525,18237,6556
0,77,67,23615,12706,6198,8184,35290,23846,10037,8950
0,70,57,77170,28815,5900,3129,5714,5005,4920,3711
0,75,64,20987,21763,16047,7024,4542,14816,26138,16697
0,64,67,204963,13817,3930,2564,6539,3322,2832,2035
0,57,70,32345,15860,9522,15345,65945,17318,32757,7505
0,66,81,40328,28057,18822,26565,31201,16828,33347,19310
0,54,69,608350,61255,6917,17281,43756,11406,24098,21451
0,75,77,17487,6295,7115,10023,12646,20722,42951,7698
0,54,75,141239,211105,18694,34594,3222,20806,12082,16497
0,61,75,34912,25659,3388,31203,11055,28341,29606,27515
0,66,87,440210,38065,9886,27021,25922,17573,49545,12156
0,51,88,1143846,32783,9095,33860,22798,20270,27777,7334
0,63,100,19182,32649,31849,33925,27408,18735,18225,7618
0,74,94,153139,29886,23779,2532,33071,59771,18532,12913
0,81,87,465567,27257,19396,3240,26385,23992,25667,17043
0,94,75,26063,12834,5760,8728,24817,23935,15651,6665
0,78,60,85076,131858,32489,11224,4065,7179,10137,3186
0,60,77,36592,24113,22828,24421,10775,14705,37828,15800
0,66,78,20023,9658,11407,3317,12433,20394,16045,10168
0,54,91,13621,10691,22084,4702,18337,13292,16586,7092
0,90,96,8258,14050,4459,22206,12489,35469,13309,4382
0,93,83,9334,61035,17162,18458,20797,24777,9579,16950
0,70,97,480146,16717,93764,15801,21666,17534,15692,10659
0,74,88,539225,32831,8510,22032,20855,23209,33138,5950
0,54,74,103569,14729,1655,1565,1044,3186,4331,4314
0,54,67,363805,64191,4227,22531,9770,28325,24130,11342
0,54,60,65865,61371,25664,57825,16972,19023,21275,7068
0,41,61,1076581,234443,82198,51857,65680,44080,25574,17394
0,44,56,795890,185213,15491,16353,30797,50800,26558,11739
0,61,56,10842,14690,2372,33021,55003,66466,15368,19254
0,69,54,135285,3039,16203,4995,14696,6972,6794,2624
0,67,63,742162,128909,90255,76223,30326,31369,42899,20532
0,54,78,1144982,79462,16690,27324,14535,9951,4751,2464
0,17,81,1480421,194924,37364,42505,9967,15160,5673,12038
26,17,81,1405623,237481,146923,609741,369521,160808,247969,215870
80,17,81,1770598,279345,82364,214996,108968,224582,65025,71544
80,17,81,1841104,204324,81148,98647,114657,122354,112672,90597
80,17,81,1246311,230873,73511,94105,247235,159519,248751,179015
80,17,81,1042423,743507,973612,772405,559372,503754,1157438,539639
200,0,0,1025784,547882,201469,161187,129207,75620,8496,6033
200,0,0,1030877,218071,52247,39122,20288,55248,52065,42243
200,0,0,762593,52862,2594,9755,4903,3850,3944,876
200,0,0,250824,52017,37586,13775,18867,39840,3251,5684
200,0,0,168956,47673,3454,5776,2882,5837,1487,2518
200,0,0,177172,42885,5483,9572,1268,832,2628,2267
200,0,0,2014,12500,7912,11139,7510,13321,5662,15104
200,0,0,147066,44574,7672,4075,4097,5417,16867,5364
200,0,0,3371,6908,3920,9573,18458,17777,7986,1808
200,0,0,28884,6060,3163,2286,8356,7202,11617,6010
200,0,0,5401,18503,13990,8992,9460,4813,14271,3320
200,0,0,95321,9128,863,2452,1921,2380,3165,937
200,0,0,269783,116770,19466,27879,10584,7213,5051,19787
200,0,0,13172,6594,1165,13007,6885,7998,4201,4214
200,0,0,2753,7526,7230,3820,9227,17284,10694,5586
200,0,0,1854,3485,7749,11781,11612,11158,7832,7715
200,0,0,3793,11592,11744,7496,15500,13441,17898,13183
200,0,0,102076,16168,3084,4382,17967,6602,7019,4061
200,0,0,4123,12496,13060,8179,10454,5569,5645,7142
200,0,0,3462,4705,7439,14422,5990,6506,8571,6370
200,0,0,262642,30125,950,3624,1728,4525,9041,6890
200,0,0,6435,12570,10084,6088,11667,21103,8451,5387
200,0,0,297944,11905,906,2110,1857,4438,2825,1704
200,0,0,158053,41185,3193,5068,10086,12155,5918,4905
200,0,0,94068,13649,1416,660,1669,3254,3522,1218
200,0,0,1961,15554,13982,7843,3754,12786,7449,9963
200,0,0,97776,6271,3098,2680,10242,7562,7242,7044
200,0,0,694147,86831,2096,7766,10080,2802,6772,4582
200,0,0,6554,5460,1873,9587,10398,8711,8217,8056
200,0,0,204192,37071,12900,5749,7712,10094,11293,12336
200,0,0,1308,6312,12712,4017,6339,9277,4933,10142
200,0,0,210796,39861,15835,3233,17648,5895,7246,7476
200,0,0,167700,7391,7392,2201,1458,2189,1347,1952
200,0,0,126805,6174,2061,1919,2229,2556,2630,2123
200,0,0,122969,12765,1617,1945,2318,2167,1928,1223
200,0,0,100742,16005,1289,2527,2747,3567,1824,3382
200,0,0,274749,46737,20775,8306,3603,6971,8431,8509
200,0,0,847,15077,12863,5628,5697,11222,8597,9094
200,0,0,264446,54064,2050,2507,6162,5684,8636,4671
200,0,0,529429,30309,4687,9814,5627,8877,6245,7310
200,0,0,93471,45459,10290,10220,8210,7357,7021,6841
200,0,0,3719,18049,5754,9439,8659,12769,6495,3370
200,0,0,187118,30258,13127,8497,5345,8499,12190,7583
200,0,0,219799,70856,5191,7704,14119,3812,6221,10603
200,0,0,9399,12381,8467,10322,10981,15671,4813,7973
200,0,0,145635,14007,5047,3896,2128,3269,2720,1828
200,0,0,511089,51123,5467,9601,9258,5223,3426,3306
200,0,0,240900,102522,15812,9539,18821,28183,16086,4536
200,0,0,581079,167211,36310,52743,38917,29138,8280,3457
200,0,0,136430,127906,47017,72483,34940,29954,10083,3329
200,0,0,2123964,226612,20291,32318,23026,24405,19239,7970
200,0,0,956921,275314,8221,17154,17976,34486,20170,6874
200,0,0,359021,599686,43086,120694,96087,95485,35666,4376
200,0,0,593423,36829,3205,20798,23235,6611,5057,3730
200,0,0,227993,112632,122559,71938,91483,31606,42316,20101
200,0,0,1738769,193241,62836,216719,145972,115036,157728,188607
200,0,0,418759,34941,8479,15316,91095,59779,38615,27617
200,0,0,1143997,1054196,87811,167683,212438,97100,80092,108390
200,0,0,580438,63025,12960,22905,26813,73058,35315,24168
200,0,0,1616262,413137,30669,163385,198248,76122,59689,84324
200,0,0,564804,271265,158941,176673,263007,166080,129869,104077
200,0,0,819916,172333,157414,290262,259836,208265,218850,172110
51,0,0,1190993,395925,172879,342863,223960,182703,138169,77900
51,0,0,580137,91685,53864,86081,19793,62962,96322,71796
51,0,0,143223,14497,11784,9055,14209,15013,3197,228
25,0,0,50037,51724,51301,49774,42865,29145,11573,5687
51,0,0,1510236,26575,28875,35174,27818,15044,7074,9528
51,0,0,220976,21507,2742,5718,952,4336,575,181
51,0,0,177157,105533,13951,11316,41730,23134,5653,2000
26,0,0,2683720,84975,64117,173847,166074,107485,87373,70945
0,0,0,1078940,515930,205199,272027,352624,106831,82865,61038
0,0,0,509657,124420,16289,40276,4534,11679,18405,18704
51,0,0,260476,11521,10282,15455,15291,7490,2752,1216
26,0,0,1854867,53774,15361,3521,38625,23849,7096,9337
0,0,0,401364,9910,5483,16607,16943,8185,7590,6134
26,0,0,959799,96892,49103,21968,37982,19987,4554,1259
51,0,0,1087992,53907,4589,17496,14049,9652,6565,1334
51,0,0,935335,1268708,430497,382792,232448,73659,33888,25970
51,0,0,2026050,134998,33000,44808,14981,8901,5379,5797
51,0,0,1379632,91681,48651,26304,23463,22780,21599,10051
25,0,0,90,5,0,2,2,0,1,0
0,3,63,614695,49442,16530,9012,8961,2469,2615,1660
0,10,29,114483,78301,9547,11983,10385,7211,7725,2938
0,16,11,283477,75790,14224,12161,9787,5730,12122,3017
0,23,1,188587,46407,7669,10885,13367,2340,7519,4578
0,35,21,610477,141605,107480,16895,45598,27735,40611,21669
0,30,63,1122014,104276,46211,65791,24361,12536,62694,17381
0,34,91,1802579,52892,41365,14555,23057,7642,6915,4926
0,34,100,329681,252965,81650,66030,25197,14602,32901,15734
0,29,74,688307,217795,32197,25422,29650,17676,25710,13023
0,38,69,2353867,114064,90233,53753,65663,39514,31208,20357
0,34,34,1011354,422720,16293,38846,24460,18065,29807,13284
0,50,14,401692,65385,5022,12982,13245,16532,10298,12608
0,47,21,1044907,787589,53231,84169,117026,38617,67669,42205
0,40,1,1088838,207521,22896,42183,56810,23367,18560,12763
0,50,10,311407,155093,15874,27563,29815,19224,23356,11405
0,37,7,559152,268561,43277,8805,12509,19838,12788,12266
0,48,20,1983077,1032320,245309,127963,158829,167028,74990,78228
0,51,4,616345,108633,6375,10005,15748,13801,24420,7922
26,51,4,1183478,51164,58008,22768,32284,15777,7799,3268
0,50,20,762566,113817,28251,35711,24358,14796,15538,14060
0,60,20,475215,144583,11926,22463,47349,25427,14894,26176
0,50,35,764161,120195,32854,41639,10724,8832,25051,18577
0,44,70,558738,189431,29280,102345,18484,22381,13047,28131
0,43,67,303691,278107,60345,49784,8799,28743,33927,14206
0,37,87,1267229,208031,37047,62956,15555,24298,16622,24735
0,38,78,140809,46152,16650,7040,8591,3737,12529,4876
0,34,64,254456,108614,17272,26436,12581,6359,3736,4391
25,34,64,355608,209252,20862,22482,20447,34243,25477,33171
0,37,66,958743,68014,25821,24329,50161,12006,17204,17145
0,43,70,602126,30886,15216,3233,3716,6859,6187,3195
0,40,57,765501,308388,47893,17891,22282,12391,49842,25259
0,38,51,1171991,1858419,90598,425235,39215,82679,210159,75855
0,38,48,3095393,887580,135921,245529,133542,120520,143026,129948
0,29,57,433502,83578,48089,35087,27542,11193,29391,32997
0,40,87,725042,47100,66168,26448,13645,12555,31567,11569
0,48,83,1220782,330770,56698,55187,91818,35849,32542,30888
0,57,91,282860,15198,16726,9174,9207,10913,5581,5201
0,57,74,539914,38681,5196,13239,7228,3321,7759,9649
0,60,64,847295,75613,34915,40153,3247,16636,15879,15207
0,51,64,72479,66710,9678,9493,4954,3304,2724,1575
0,35,48,469473,821726,180475,71751,112714,53513,44908,16581
0,34,57,2447001,793731,313052,367586,98982,74553,97414,85062
0,34,37,1420441,137207,20948,22813,13238,20994,38944,18225
0,48,48,1559157,71883,27195,34066,25068,20803,32877,16353
0,37,35,657193,730759,60143,17945,9979,12895,34625,19036
0,30,17,125508,104137,7235,21566,15490,4243,7092,4029
0,34,29,1535116,313594,107986,99667,63110,70823,41929,19284
0,16,8,1293785,362757,13000,41602,20143,12603,50455,11541
0,41,23,2452410,179177,16885,52292,41492,44036,29765,15649
0,54,16,2266014,103648,5330,20490,43119,13366,49695,8760
0,54,13,2614116,148032,36286,41455,21440,32683,29171,30444
0,63,21,1830001,300991,13937,60983,34171,27023,14097,16300
0,54,26,1884971,225980,64342,25352,11820,23688,18065,8682
0,60,54,931032,141015,143217,55185,34076,55352,41007,28589
26,60,54,388498,24281,8986,3803,6733,1586,2621,4139
26,60,54,2030126,169751,5076,46989,19018,15869,10256,7428
51,60,54,1718441,227516,150687,123113,138757,61691,14295,11326
26,60,54,1907736,117097,43306,34443,24471,24010,7245,4989
0,60,47,1588704,848961,214371,92863,219337,166623,43556,39684
0,60,47,2977193,1070280,147298,108814,93284,98267,93191,40229
0,57,27,1340642,289982,19375,22456,56945,20937,32075,17832
0,48,14,977170,161157,25039,41434,24746,15273,12349,13628
0,38,20,109215,36387,8424,6257,3379,2868,7088,1425
0,40,47,2216230,305587,140984,251836,47435,51320,37878,47905
51,40,47,137209,61104,48104,57698,102343,69055,20350,40815
80,40,47,88662,174994,138500,97093,67592,376503,147112,143373
80,40,47,881589,48938,131774,55289,222583,314747,300475,94354
80,40,47,1930412,565192,76887,91171,59606,72622,82011,104112
80,40,47,1125334,565778,514546,841025,265998,441555,255751,102552
200,0,0,445387,228184,26229,59344,161332,66370,46289,58182
