Initializing I2C devices...
Testing device connect[SEND] a
Initializing DMP...
Enabling DMP...
Enabling interrupt detection (Arduino external interrypr	-0.05	-3.41	-2.29
ypr	-0.05	-3.41	-2.29
ypr	-0.05	-3.40	-2.29
ypr	-0.05	-3.40	-2.29
ypr	-0.05	-3.40	-2.29
ypr	-0.05	-3.40	-2.29
ypr	-0.05	-3.40	-2.28
ypr	-0.05	-3.40	-2.28
ypr	-0.05	-3.39	-2.27
ypr	-0.05	-3.39	-2.27
ypr	-0.05	-3.39	-2.27
ypr	-0.05	-3.38	-2.27
ypr	-0.05	-3.38	-2.27
ypr	-0.05	-3.38	-2.26
05	-3.38	-2.26
ypr	-0.05	-3.38	-2.26
ypr	-0.05	-3.38	-2.25
ypr	-0.05	-3.38	-2.25
ypr	-0.05	-3.38	-2.25
ypr	-0.05	-3.38	-2.24
ypr	-0.05	-3.38	-2.24
ypr	-0.05	-3.38	-2.24
ypr	-0.06	-3.38	-2.24
ypr	-0.038	-2.24
ypr	-0.06	-3.37	-2.24
ypr	-0.06	-3.37	-2.24
ypr	-0.06	-3.37	-2.23
ypr	-0.06	-3.37	-2.23
ypr	-0.06	-3.37	-2.23
ypr	-0.06	-3.36	-2.23
ypr	-0.06	-3.36	-2.23
ypr	-0.06	-3.36	-2.22
ypr	-0.06	-3.36	-2.22
ypr	-0.06	-3.36	-2.22
ypr	-0.06	-3.36	-2.22
ypr	-0.06	-3.36	-2.22
ypr	-0.07	-3.36	-2.22
ypr	-0.07	-3.36	-2.22
ypr	-0.06	-3.36	-2.21
ypr	-0.06	-3.36	-2.21
0.06	-3.35	-2.20
ypr	-0.06	-3.35	-2.20
ypr	-0.06	-3.35	-2.20
ypr	-0.06	-3.35	-2.20
ypr	-0.07	-3.35	-2.20
ypr	-0.07	-3.35	-2.20
ypr	-0.07	-3.35	-2.20
ypr	-0.07	-3.34	-2.19
ypr	-0.07	-3.34	-2.19
ypr	-0.07	-3.34	-2.18
ypr	-0.07	-3.34	-2.18
ypr	-0.07	-3.34	-2.18
ypr	-0.07	-3.34	-2.18
ypr	-0.07	-3.34	-2.18
ypr	-0.07	-3.33	-2.18
ypr	-0.08	-3.33	-2.17
ypr	-0.08	-3.33	-2.17
ypr	-0.08	-3.33	-2.17
ypr	-0.08	-3.33	-2.17
ypr	-0.08	-3.33	-2.17
ypypr	-0.08	-3.32	-2.17
ypr	-0.08	-3.32	-2.17
ypr	-0.08	-3.32	-2.16
ypr	-0.08	-3.32	-2.16
ypr	-0.08	-3.32	-2.15
ypr	-0.08	-3.33	-2.15
ypr	-0.08	-3.33	-2.15
ypr	-0.08	-3.33	-2.15
ypr	-0.08	-3.32	-2.15
ypr	-0.08	-3.32	-2.15
ypr	-0.08	-3.32	-2.15
ypr	-0.08	-3.32	-2.15
ypr	-0.08	-3.32	-2.15
ypr	-0.08	-3.32	-2.15
ypr	-0.08	-3.32	-2.15
ypr	-0.08	-3.32	-2.15
ypr	-0.08	-3.32	-2.15
ypr	-0.09	-3.32	-2.15
ypr	-0.08	-3.32	-2.15
-0.08	-3.32	-2.15
ypr	-0.08	-3.32	-2.15
ypr	-0.08	-3.32	-2.15
ypr	-0.09	-3.31	-2.14
ypr	-0.09	-3.31	-2.14
ypr	-0.09	-3.31	-2.14
ypr	-0.09	-3.31	-2.14
ypr	-0.09	-3.31	-2.13
ypr	-0.09	-3.31	-2.13
ypr	-0.09	-3.31	-2.13
ypr	-0.09	-3.31	-2.13
ypr	-0.09	-3.31	-2.13
ypr	-0.10	-3.31	-2.13
ypr	-0.10	-3.31	-2.13
ypr	-0.10	-3.31	-2.12
ypr	-0.10	-3.31	-2.12
ypr	-0.10	-3.31	-2.12
ypr	-0.10	-3.31	-2.12
ypr	-0.10	-3.30	-2.11
ypr	-0.10	-3.30	-2.11
ypr	-0.10	-3.30	-2.11
ypr	-0.10	-3.30	-2.11
ypr	-0.10	-3.30	-2.12
ypr	-0.10	-3.30	-2.12
ypr	-0.10	-3.30	-2.12
ypr	-0.10	-3.30	-2.12
ypr	-0.10	-3.30	-2.12
r	-0.10	-3.30	-2.11
ypr	-0.10	-3.30	-2.11
ypr	-0.10	-3.30	-2.11
30	-2.11
ypr	-0.10	-3.29	-2.11
ypr	-0.10	-3.29	-2ypr	-0.11	-3.30	-2.10
ypr	-0.11	-3.30	-2.10
ypr	-0.11	-3.30	-2.10
ypr	-0.11	-3.30	-2.10
ypr	-0.11	-3.30	-2.10
ypr	-0.11	-3.30	-2.10
ypr	-0.11	-3.30	-2.10
-0.11	-3.30	-2.10
ypr	-0.11	-3.30	-2.10
ypr	-0.11	-3.30	-2.10
ypr	-0.11	-3.30	-2.10
ypr	-0.12	-3.30	-2.10
ypr	-0.12	-3.30	-2.10
ypr	-0.12	-3.30	-2.10
ypr	-0.12	-3.30	-2.10
ypr	-0.12	-3.30	-2.10
ypr	-0.12	-3.30	-2.10
ypr	-0.12	-3.29	-2.10
ypr	-0.12	-3.29	-2.10
ypr	-0.12	-3.29	-2.10
ypr	-0.12	-3.29	-2.10
ypr	-0.12	-3.29	-2.10
ypr	-0.12	-3.30	-2.10
ypr	-0.12	-3.29	-2.10
ypr	-0.12	-3.29	-2.09
ypr	-0.12	-3.29	-2.09
ypr	-0.12	-3.29	-2.09
ypr	-0.13	-3.29	-2.09
ypr	-0.13	-3.29	-2.09
ypr	-0.13	-3.29	-2.09
ypr	-0.13	-3.28	-2.09
ypr	-0.13	-3.28	-2.09
ypr	-0.13	-3.28	-2.09
ypr	-0.13	-3.28	-2.09
ypr	-0.13	-3.28	-2.09
ypr	-0.13	-3.28	-2.09
ypr	-0.13	-3.28	-2.09
ypr	-0.14	-3.28	-2.09
ypr	-0.14	-3.28	-2.09
ypr	-0.14	-3.28	-2.09
ypr	-0.14	-3.28	-2.09
ypr	-0.14	-3.27	-2.08
ypr	-0.14	-3.27	-2.08
ypr	-0.14	-3.27	-2.08
ypr	-0.14	-3.27	-2.08
ypr	-0.14	-3.27	-2.08
ypr	-0.14	-3.27	-2.08
ypr	-0.14	-3.27	-2.08
ypr	-0.14	-3.27	-2.07
ypr	-0.14	-3.27	-2.07
ypr	-0.14	-3.27	-2.07
ypr	-0.14	-3.27	-2.08
ypr	-0.14	-3.27	-2.07
ypr	-0.14	-3.27	-2.07
ypr	-0.14	-3.27	-2.07
ypr	-0.14	-3.27	-2.07
ypr	-0.14	-3.27	-2.07
ypr	-0.14	-3.27	-2.07
ypr	-0.14	-3.27	-2.07
ypr	-0.14	-3.27	-2.07
ypr	-0.14	-3.27	-2.07
ypr	-0.14	-3.27	-2.07
ypr	-0.14	-3.27	-2.07
ypr	-0.14	-3.27	-2.07
ypr	-0.15	-3.27	-2.07
ypr	-0.15	-3.27	-2.07
ypr	-0.15	-3.27	-2.07
ypr	-0.15	-3.27	-2.07
ypr	-0.15	-3.27	-2.07
ypr	-0.15	-3.27	-2.07
ypr	-0.15	-3.27	-2.07
ypr	-0.15	-3.27	-2.07
ypr	-0.15	-3.27	-2.07
ypr	-0.15	-3.27	-2.07
ypr	-0.15	-3.27	-2.07
ypr	-0.15	-3.27	-2.07
ypr	-0.15	-3ypr	-0.15	-3.27	-2.07
ypr	-0.16	-3.27	-2.07
ypr	-0.16	-3.27	-2.07
ypr	-0.16	-3.27	-2.07
ypr	-0.16	-3.27	-2.07
ypr	-0.16	-3.27	-2.07
ypr	-0.16	-3.27	-2.07
ypr	-0.16	-3.27	-2.07
ypr	-0.16	-3.27	-2.07
ypr	-0.16	-3.27	-2.07
ypr	-0.16	-3.27	-2.07
ypr	-0.16	-3.27	-2.07
ypr	-0.16	-3.27	-2.07
ypr	-0.16	-3.27	-2.07
ypr	-0.16	-3.27	-2.07
ypr	-0.16	-3.27	-2.07
ypr	-0.16	-3.27	-2.07
ypr	-0.16	-3.27	-2.07
ypr	-0.16	-3.27	-2.07
ypr	-0.16	-3.27	-2.07
ypr	-0.16	-3.27	-2.07
ypr	-0.16	-3.27	-2.07
ypr	-0.16	-3.27	-2.07
ypr	-0.16	-3.27	-2.07
ypr	-0.16	-3.27	-2.07
ypr	-0.16	-3.27	-2.07
ypr	-0.16	-3.27	-2.06
ypr	-0.16	-3.27	-2.06
ypr	-0.16	-3.27	-2.06
ypr	-0.17	-3.27	-2.06
ypr	-0.17	-3.27	-2.06
ypr	-0.17	-3.27	-2.06
ypr	-0.17	-3.27	-2.06
ypr	-0.17	-3.27	-2.06
ypr	-0.17	-3.26	-2.05
ypr	-0.17	-3.26	-2.05ypr	-0.17	-3.26	-2.05
ypr	-0.17	-3.26	-2.05
ypr	-0.17	-3.26	-2.05
ypr	-0.17	-3.26	-2.05
ypr	-0.17	-3.26	-2.05
ypr	-0.17	-3.26	-2.05
ypr	-0.17	-3.26	-2.05
ypr	-0.17	-3.26	-2.05
ypr	-0.18	-3.26	-2.05
ypr	-0.18	-3.26	-2.05
ypr	-0.18	-3.26	-2.05
ypr	-0.18	-3.26	-2.05
ypr	-0.18	-3.27	-2.05
ypr	-0.18	-3.26	-2.05
ypr	-0.18	-3.26	-2.05
ypr	-0.18	-3.26	-2.05
ypr	-0.18	-3.26	-2.05
ypr	-0.18	-3.26	-2.05
ypr	-0.18	-3.26	-2.05
ypr	-0.18	-3.26	-2.05
ypr	-0.18	-3.26	-2.05
ypr	-0.18	-3.26	-2.05
ypr	-0.18	-3.26	-2.05
ypr	-0.18	-3.27	-2.05
ypr	-0.18	-3.27	-2.05
ypr	-0.18	-3.26	-2.05
ypypr	-0.18	-3.26	-2.05
ypr	-0.18	-3.26	-2.05
ypr	-0.18	-3.26	-2.05
ypr	-0.18	-3.26	-2.05
ypr	-0.18	-3.26	-2.05
ypr	-0.18	-3.26	-2.05
ypr	-0.18	-3.26	-2.05
ypr	-0.18	-3.26	-2.05
ypr	-0.18	-3.26	-2.05
ypr	-0.18	-3.26	-2.05
ypr	-0.18	-3.26	-2.05
ypr	-0.18	-3.26	-2.05
ypr	-0.18	-3.26	-2.05
ypr	-0.18	-3.26	-2.05
ypr	-0.18	-3.26	-2.05
ypr	-0.18	-3.26	-2.05
ypr	-0.18	-3.26	-2.05
ypr	-0.19	-3.26	-2.04
ypr	-0.19	-3.26	-2.04
ypr	-0.19	-3.26	-2.04
ypr	-0.19	-3.26	-2.04
ypr	-0.19	-3.26	-2.04
ypr	-0.19	-3.26	-2.04
ypr	-0.19	-3.26	-2.04
ypr	-0.19	-3.26	-2.04
ypr	-0.19	-3.26	-2.04
ypr	-0.19	-3.26	-2.04
ypr	-0.19	-3.26	-2.04
ypr	-0.19	-3.26	-2.04
ypr	-0.19	-3.26	-2.04
ypr	-0.19	-3.26	-2.04
ypr	-0.19	-3.26	-2.04
ypr	-0.19	-3.26	-2.04
ypr	-0.19	-3.26	-2.04
ypr	-0.19	-3.26	-2.04
ypr	-0.19	-3.26	-2.04
ypr	-0.20	-3.26	-2.04
ypr	-0.20	-3.26	-2.04
ypr	-0.20	-3.26	-2.04
ypr	-0.20	-3.26	-2.04
ypr	-0.20	-3.26	-2.04
ypr	-0.20	-3.26	-2.04
ypr	-0.20	-3.25	-2.04
ypr	-0.20	-3.25	-2.04
ypr	-0.20	-3.25	-2.04
ypr	-0.21	-3.25	-2.04
ypr	-0.21	-3.25	-2.04
ypr	-0.21	-3.25	-2.04
ypr	-0.21	-3.25	-2.04
ypr	-0.21	-3.25	-2.04
5	-2.04
ypr	-0.21	-3.25	-2.04
ypr	-0.21	-3.25	-2.04
ypr	-0.21	-3.26	-2.04
ypr	-0.21	-3.26	-2.04
ypr	-0.21	-3.26	-2.04
ypr	-0.21	-3.26	-2.04
ypr	-0.21	-3.26	-2.04
ypr	-0.21	-3.26	-2.04
ypr	-0.21	-3.26	-2.04
ypr	-0.21	-3.26	-2.04
ypr	-0.21	-3.26	-2.04
ypr	-0.21	-3.26	-2.04
ypr	-0.21	-3.26	-2.04
ypr	-0.21	-3.26	-2.04
ypr	-0.22	-3.26	-2.04
ypr	-0.22	-3.26	-2.04
ypr	-0.22	-3.26	-2.04
ypr	-0.22	-3.26	-2.03
ypr	-0.22	-3.26	-2.03
ypr	-0.22	-3.26	-2.03
ypr	-0.22	-3.26	-2.04
ypr	-0.22	-3.26	-2.04
ypr	-0.22	-3.26	-2.04
ypr	-0.22	-3.26	-2.04
ypr	-0.22	-3.26	-2.04
ypr	-0.22	-3.26	-2.03
ypr	-0.22	-3.26	-pr	-0.23	-3.26	-2.03
ypr	-0.23	-3.26	-2.03
ypr	-0.23	-3.26	-2.03
ypr	-0.23	-3.26	-2.03
ypr	-0.23	-3.26	-2.03
ypr	-0.23	-3.26	-2.03
ypr	-0.20	-3.25	-2.06
ypr	-0.13	-3.20	-2.07
ypr	-0.10	-3.11	-2.05
ypr	-0.13	-3.02	-2.06
ypr	-0.21	-2.98	-2.07
8	-2.99	-2.03
ypr	-0.58	-3.07	-1.97
ypr	-0.77	-3.19	-1.90
ypr	-0.88	-3.32	-1.87
ypr	-0.92	-3.41	-1.85
ypr	-0.92	-3.47	-1.82
ypr	-0.90	-3.53	-1.75
ypr	-0.87	-3.62	-1.65
ypr	-0.81	-3.74	-1.51
ypr	-0.53	-4.18	-1.03
ypr	-0.40	-4.37	-0.82
ypr	-0.25	-4.58	-0.58
ypr	-0.13	-4.70	-0.34
ypr	-0.03	-4.84	-0.22
ypr	0.06	-5.02	-0.20
ypr	0.16	-5.23	-0.25
ypr	0.24	-5.46	-0.37
ypr	0.33	-5.71	-0.43
ypr	0.41	-5.95	-0.42
ypr	0.47	-6.19	-0.42
ypr	0.52	-6.44	-0.40
ypr	0.56	-6.70	-0.38
ypr	0.58	-7.02	-0.38
ypr	0.58	-7.37	-0.40
ypr	0.59	-7.75	-0.43
ypr	0.58	-8.15	-0.45
ypr	0.55	-8.54	-0.45
ypr	0.53	-8.90	-0.45
ypr	0.50	-9.24	-0.45
ypr	0.48	-9.52	-0.45ypr	0.54	-9.92	-0.45
ypr	0.60	-10.03	-0.45
ypr	0.65	-10.12	-0.44
ypr	0.70	-10.20	-0.44
ypr	0.76	-10.31	-0.43
ypr	0.82	-10.43	-0.45
ypr	0.87	-10.56	-0.47
ypr	0.89	-10.68	-0.47
ypr	0.88	-10.77	-0.47
ypr	0.71	-11.11	-0.39
ypr	0.70	-11.19	-0.41
ypr	0.71	-11.26	-0.44
ypr	0.74	-11.32	-0.45
ypr	0.74	-11.38	-0.46
ypr	0.73	-11.47	-0.47
ypr	0.70	-11.60	-0.48
ypr	0.63	-11.78	-0.49
ypr	0.55	-12.01	-0.52
ypr	0.47	-12.28	-0.55
ypr	0.39	-12.53	-0.56
ypr	0.30	-12.78	-0.55
ypr	0.20	-13.05	-0.54
ypr	0.13	-13.34	-0.54
ypr	0.10	-13.64	-0.56
ypr	0.07	-13.94	-0.59
ypr	0.03	-14.26	-0.62
ypr	-0.06	-14.60	-0.69
ypr	-0.15	-14.98	-0.81
ypr	-0.25	-15.38	-0.98
ypr	-0.34	-15.76	-1.19
ypr	-0.40	-16.11	-1.39
ypr	-0.45	-16.45	-1.56
ypr	-0.49	-16.81	-1.66
ypr	-0.50	-17.20	-1.76
ypr	-0.49	-17.59	-1.85
ypr	-0.47	-17.96	-1.90
ypr	-0.46	-18.35	-1.93
ypr	-0.49	-18.76	-1.97
ypr	-0.49	-19.20	-2.00
ypr	-0.49	-19.61	-2.00
ypr	-0.50	-19.96	-2.00
ypr	-0.53	-20.26	-1.94
ypr	-0.65	-20.75	-1.69
ypr	-0.73	-20.97	-1.59
ypr	-0.85	-21.21	-1.52
ypr	-0.98	-21.44	-1.ypr	-1.32	-21.97	-1.37
ypr	-1.48	-22.26	-1.26
ypr	-1.64	-22.56	-1.10
ypr	-1.94	-23.17	-0.70
ypr	-2.08	-23.46	-0.46
ypr	-2.25	-23.76	-0.23
ypr	-2.41	-24.06	-0.01
ypr	-2.58	-24.37	0.19
ypr	-2.92	-24.96	0.57
ypr	-3.09	-25.20	0.75
ypr	-3.27	-25.39	0.95
ypr	-3.64	-25.74	1.30
ypr	-3.80	-25.92	1.48
ypr	-3.94	-26.11	1.66
ypr	-4.20	-26.51	2.08
ypr	-4.34	-26.69	2.29
ypr	-4.49	-26.86	2.50
ypr	-4.65	-27.01	2.68
ypr	-4.83	-27.14	2.84
ypr	-5.02	-27.28	2.96
ypr	-5.20	-27.45	3.07
ypr	-5.38	-27.64	3.18
ypr	-5.53	-27.84	3.29
ypr	-6.07	-28.40	3.69
ypr	-6.22	-28.51	3.77
.84
ypr	-6.51	-28.74	3.90
ypr	-6.66	-28.89	3.95
ypr	-6.80	-29.05	4.01
ypr	-6.94	-29.20	4.09
ypr	-7.08	-29.36	4.18
ypr	-7.20	-29.50	4.25
ypr	-7.32	-29.67	4.31
ypr	-7.45	-29.83	4.38
ypr	-7.58	-30.00	4.45
ypr	-7.70	-30.17	4.53
ypr	-7.81	-30.36	4.61
ypr	-7.91	-30.55	4.70
ypr	-8.13	-30.96	4.93
ypr	-8.22	-31.19	5.08
ypr	-8.31	-31.46	5.22
ypr	-8.38	-31.76	5.38
ypr	-8.43	-32.06	5.55
ypr	-8.48	-32.37	5.71
ypr	-8.53	-32.67	5.88
ypr	-8.59	-32.95	6.02
ypr	-8.65	-33.20	6.12
ypr	-8.72	-33.43	6.19
ypr	-8.79	-33.64	6.26
ypr	-8.87	-33.81	6.32
ypr	-8.93	-33.94	6.40
ypr	-9.04	-34.16	6.80
ypr	-9.08	-34.11	6.86
ypr	-9.12	-34.02	6.89
ypr	-9.16	-33.79	6.89
ypr	-9.16	-33.61	6.90
ypr	-9.15	-33.39	6.93
ypr	-9.10	-32.67	7.00
ypr	-9.09	-32.18	7.01
ypr	-9.09	-31.62	7.00
ypr	-9.09	-31.00	6.98
ypr	-9.09	-30.35	6.98
ypr	-9.07	-29.66	7.02
ypr	-8.92	-26.45	7.24
ypr	-8.93	-25.54	7.24
ypr	-8.92	-24.58	7.22
ypr	-8.88	-23.66	7.17
ypr	-8.84	-22.80	7.11
ypr	-8.77	-21.94	7.11
ypr	-8.59	-20.33	7.23
ypr	-8.52	-19.55	7.29
ypr	-8.46	-18.78	7.31
ypr	-8.41	-18.03	7.31
ypr	-8.36	-17.28	7.27
ypr	-8.29	-16.54	7.24
ypr	-8.20	-15.80	7.19
ypr	-8.08	-15.12	7.14
ypr	-7.96	-14.47	7.08
ypr	-7.80	-13.85	7.04
ypr	-7.62	-13.25	7.04
ypr	-7.43	-12.66	7.07
ypr	-7.21	-12.03	7.11
ypr	-7.01	-11.33	7.17
ypr	-6.84	-10.58	7.23
ypr	-6.69	-9.83	7.27
ypr	-6.55	-9.12	7.32
ypr	-5.86	-5.48	8.36
ypr	-5.75	-4.67	8.58
ypr	-5.41	-2.09	8.86
ypr	-5.31	-1.22	8.90
ypr	-5.15	0.46	8.92
ypr	-5.07	1.29	8.93
ypr	-4.99	2.11	8.96
ypr	-4.90	2.92	8.96
ypr	-4.81	3.71	8.97
ypr	-4.73	4.49	8.97
ypr	-4.65	5.26	8.96
ypr	-4.44	8.35	8.94
ypr	-4.43	8.85	8.96
ypr	-4.42	9.33	8.99
ypr	-4.42	9.79	9.02
ypr	-4.42	10.22	9.06
ypr	-4.41	10.62	9.10
ypr	-4.40	11.02	9.14
ypr	-4ypr	-4.39	12.24	9.25
ypr	-4.37	12.65	9.27
ypr	-4.35	13.05	9.30
ypr	-4.34	13.47	9.33
ypr	-4.34	13.89	9.38
31	15.17	9.43
ypr	-4.29	15.58	9.44
ypr	-4.29	15.99	9.46
ypr	-4.29	16.39	9.50
ypr	-4.29	16.77	9.55
ypr	-4.30	17.17	9.62
ypr	-4.31	17.55	9.69
ypypr	-4.35	19.10	9.92
ypr	-4.34	19.44	9.97
ypr	-4.34	19.77	10.03
ypr	-4.34	20.07	10.09
ypr	-4.36	20.37	10.16
ypr	-4.37	20.66	10.24
ypr	-4.38	21.56	10.36
ypr	-4.29	22.68	10.38
ypr	-4.26	23.25	10.41
ypr	-4.23	23.54	10.42
ypr	-4.21	23.84	10.43
ypr	-4.17	24.12	10.42
ypr	-4.15	24.38	10.42
ypr	-4.12	24.60ypr	-4.11	24.99	10.43
ypr	-4.11	25.16	10.44
ypr	-4.13	25.33	10.45
ypr	-4.13	25.46	10.45
ypr	-4.14	25.57	10.44
ypr	-4.15	25.63	10.46
ypr	-4.16	25.66	10.50
ypr	-4.17	25.68	10.55
ypr	-4.19	25.70	10.61
ypr	-4.21	25.73	10.68
ypr	-4.22	25.76	10.75
ypr	-4.24	25.80	10.82
ypr	-4.25	25.85	10.88
ypr	-4.27	25.89	10.93
1.04
ypr	-4.24	26.02	11.05
ypr	-4.22	26.08	11.06
ypr	-4.21	26.15	11.05
ypr	-4.20	26.22	11.06
ypr	-4.19	26.30	11.06
ypr	-4.19	26.38	11.09
ypr	-4.26	26.99	11.25
ypr	-4.28	27.12	11.27
ypr	-4.30	27.22	11.30
ypr	-4.33	27.34	11.34
ypr	-4.35	27.44	11.38
ypr	-4.40	27.67	11.48
ypr	-4.43	27.79	11.53
ypr	-4.45	27.91	11.58
ypr	-4.47	28.35	11.67
ypr	-4.46	28.50	11.68
ypr	-4.44	28.65	11.69
ypr	-4.43	28.81	11.70
ypr	-4.42	28.95	11.71
ypr	-4.43	29.08	11.73
ypr	-4.44	29.21	11.77
ypr	-4.46	29.33	11.83
ypr	-4.49	29.44	11.88
ypr	-4.51	29.56	11.93
ypr	-4.53	29.67	11.97
ypr	-4.54	29.80	12.01
ypr	-4.55	29.94	12.05
ypr	-4.56	30.09	12.08
ypr	-4.56	30.25	12.11
ypr	-4.55	30.41	12.12
ypr	-4.54	30.56	12.13
ypr	-4.53	30.80	12.15
ypr	-4.53	30.87	12.15
ypr	-4.53	30.92	12.18
ypr	-4.54	30.94	12.19
ypr	-4.57	30.94	12.22
ypr	-4.58	30.93	12.25
ypr	-4.60	30.91	12.27
ypr	-4.62	30.88	12.29
ypr	-4.64	30.83	12.31
ypr	-4.66	30.71	12.36
ypr	-4.67	30.62	12.39
ypr	-4.69	30.51	12.43
ypr	-4.74	30.25	12.51
ypr	-4.76	30.08	12.56
ypr	-4.80	29.90	12.61
ypr	-4.84	29.71	12.66
2.76
ypr	-4.90	28.57	12.78
ypr	-4.91	28.26	12.81
yypr	-4.94	26.58	12.90
ypr	-4.95	26.03	12.92
ypr	-4.96	25.42	12.94
ypr	-4.96	24.76	12.94
ypr	-4.95	24.05	12.95
ypr	-4.94	23.30	12.96
ypr	-4.93	22.54	12.95
ypr	-4.80	18.20	12.62
ypr	-4.78	17.28	12.56
ypr	-4.76	16.34	12.51
ypr	-4.74	15.36	12.45
ypr	-4.71	14.36	12.35
ypr	-4.68	13.36	12.23
ypr	-4.65	12.39	12.09
ypr	-4.63	11.47	11.94
ypr	-4.62	10.55	11.80
ypr	-4.60	9.63	11.69
ypr	-4.57	8.73	11.59
ypr	-4.55	7.86	11.51
ypr	-4.53	7.04	11.44
ypr	-4.51	6.24	11.36
ypr	-4.48	5.43	11.26
ypr	-4.45	4.62	11.13
ypr	-4.43	3.85	11.01
ypr	-4.41	3.11	10.88
ypr	-4.40	2.38	10.72
ypr	-4.40	1.65	10.55
ypr	-4.41	0.89	10.37
ypr	-4.42	0.12	10.19
ypr	-4.45	-0.66	10.05
ypr	-4.46	-1.45	9.93
ypr	-4.49	-2.24	9.80
ypr	-4.51	-3.03	9.66
ypr	-4.53	-3.82	9.49
ypr	-4.56	-4.59	9.33
ypr	-4.58	-5.33	9.17
ypr	-4.60	-7.28	8.74
ypr	-4.61	-7.89	8.60
ypr	-4.62	-8.50	8.43
ypr	-4.65	-9.15	8.23
ypr	-4.67	-9.83	8.03
ypr	-4.70	-10.52	7.82
ypr	-4.73	-11.18	7.62
ypr	-4.78	-11.82	7.42
ypr	-4.92	-13.62	6.88
ypr	-4.99	-14.19	6.71
ypr	-5.07	-14.75	6.53
ypr	-5.38	-16.43	5.93
ypr	-5.51	-16.98	5.71
ypr	-5.92	-18.67	5.06
ypr	-6.07	-1ypr	-6.38	-20.40	4.54
ypr	-6.53	-20.98	4.40
ypr	-6.84	-22.13	4.15
ypr	-6.98	-22.71	4.02
ypr	-7.ypr	-7.42	-24.33	3.76
ypr	-7.58	-24.85	3.71
ypr	-7.74	-25.38	3.68
ypr	-7.92	-25.91	3.66
ypr	-8.08	-26.45	3.64
ypr	-8.44	-27.47	3.65
ypr	-8.63	-27.96	3.66
ypr	-9.34	-29.81	3.74
ypr	-9.63	-30.61	3.84
ypr	-9.75	-30.98	3.88
ypr	-9.88	-31.33	3.92
ypr	-10.0ypr	-10.39	-32.74	4.02
ypr	-10.48	-32.95	4.02
10.63	-33.37	4.01
ypr	-10.69	-33.57	4.01
ypr	-10.74	-33.75	4.01
ypr	-10.82	-34.10	3.98
ypr	-10.86	-34.25	3.95
ypr	-10.90	-34.38	3.91
ypr	-10.94	-34.50	3.88
ypr	-10.97	-34.61	3.84
ypr	-11.00	-34.73	3.81
ypr	-11.06	-34.97	3.76
ypr	-11.08	-35.09	3.73
ypr	-11.12	-35.21	3.71
ypr	-11.16	-35.33	3.68
ypr	-11.21	-35.44	3.66
ypr	-11.26	-35.56	3.65
36.12	3.67
ypr	-11.61	-36.28	3.69
	3.70
ypr	-11.77	-36.56	3.72
ypr	-11.87	-36.70	3.73
ypr	-12.05	-37.00	3.76
ypr	-12.14	-37.18	3.79
ypr	-12.21	-37.38	3.82
ypr	-12.34	-37.83	3.87
ypr	-12.40	-38.04	3.87
ypr	-12.46	-38.23	3.85
ypr	-12.52	-38.40	3.81
ypypr	-12.82	-39.24	3.50
ypr	-12.86	-39.43	3.45
ypr	-12.89	-39.61	3ypr	-12.91	-40.02	3.33
ypr	-12.95	-40.10	3.28
ypr	-12.99	-40.19	3.24
ypr	-13.03	-40.29	3.21
ypr	-13.07	-40.38	3.20
ypr	-13.17	-40.68	3.19
ypr	-13.22	-40.79	3.19
ypr	-13.26	-40.89	3.20
ypr	-13.31	-41.00	3.21
ypr	-13.36	-41.09	3.21
ypr	-13.40	-41.16	3.21
ypr	-13.44	-41.20	3.21
ypr	-13.46	-41.22	3.21
ypr	-13.49	-41.23	3.19
ypr	-13.49	-41.19	3.21
ypr	-13.46	-41.06	3.24
ypr	-13.41	-40.85	3.28
ypr	-13.36	-40.57	3.32
ypr	-13.31	-40.22	3.35
ypr	-13.25	-39.80	3.38
ypr	-13.19	-39.3ypr	-12.91	-37.67	3.48
ypr	-12.80	-37.02	3.51
ypr	-12.70	-36.32	3.52
ypr	-12.61	-35.61	3.51
ypr	-12.52	ypr	-12.41	-34.20	3.53
ypr	-12.27	-33.50	3.59
ypr	-12.10	-32.78	3.68
ypr	-11.90	-32.02	3.79
ypr	-11.69	-31.23	3.87
ypr	-11.48	-30.42	3.94
ypr	-11.26	-29.58	3.99
ypr	-11.03	-28.75	4.02
ypr	-10.80	-27.91	4.06
ypr	-10.35	-26.23	4.15
ypr	-10.12	-25.43	4.24
ypr	-9.88	-24.65	4.39
ypr	-9.13	-22.43	5.12
ypr	-8.90	-21.68	5.41
ypr	-8.23	-19.36	6.19
ypr	-8.05	-18.56	6.35
ypr	-7.60	-16.27	6.63
ypr	-7.44	-15.54	6.74
ypr	-7.29	-14.82	6.89
ypr	-7.13	-14.09	7.08
ypr	-6.97	-13.33	7.26
ypr	-6.82	-12.55	7.41
ypr	-6.68	-11.77	7.54
ypr	-6.54	-10.98	7.63
yprypr	-6.17	-8.70	7.85
ypr	-6.06	-7.93	7.91
ypr	-5.96	-7.13	7.95
ypr	-5.87	-6.29	7.96
ypr	-5.78	-5.41	7.95
-5.58	-2.79	7.91
ypr	-5.52	-1.95	7.92
ypr	-5.45	-1.14	7.94
ypr	-5.39	-0.35	7.98
ypr	-5.34	0.42	8.04
ypr	-5.29	1.18	8.10
ypr	-5.24	1.92	8.17
ypr	-5.15	3.36	8.33
ypr	-5.10	4.06	8.43
ypr	-5.05	4.75	8.55
ypr	-5.00	5.41	8.68
ypr	-4.81	7.96	9.10
ypr	-4.78	8.56	9.20
ypr	-4.74	9.13	9.31
ypr	-4.72	9.66	9.44
ypr	-4.70	10.15	9.56
ypr	-4.67	10.63	9.67
ypr	-4.65	11.08	9.78

ypr	-4.51	12.87	10.27
ypr	-4.49	13.32	10.41
ypr	-4ypr	-4.42	14.64	10.77
ypr	-4.40	15.06	10.88
ypr	-4.33	16.31	11.18
ypr	-4.29	16.75	11.28
ypr	-4.ypr	-4.20	19.33	11.72
ypr	-4.18	19.71	11.80
ypr	-4.16	20.09	11.88
ypr	-4.14	20.51	11.97
ypr	-4.07	21.73	12.14
ypr	-4.04	22.10	12.17
ypr	-4.00	22.48	12.20
ypr	-3.96	22.87	12.ypr	-3.90	23.64	12.31
ypr	-3.88	24.03	12.36
ypr	-3.86	24.42	12.42
ypr	-3.83	24.81	12.47
ypr	-3.79	25.88	12.61
ypr	-3.78	26.23	12.65
ypr	-3.76	26.59	12.68
ypr	-3.74	26.95	12.71
ypr	-3.72	27.33	12.73
ypr	-3.70	27.70	12.74
ypr	-3.69	28.07	12.74
ypr	-3.67	28.44	12.75
ypr	-3.67	28.80ypr	-3.62	29.47	12.70
ypr	-3.61	29.80	12.67
ypr	-3.60	30.14	12.63
ypr	-3.59	30.47	12.60
ypr	-3.58	30.80	12.56
ypr	-3.57	3ypr	-3.53	31.67	12.39
ypr	-3.53	31.94	12.34
ypr	-3.52	32.21	12.28
ypr	-3.52	32.47	12.24
.44	12.08
ypr	-3.54	33.66	12.06
ypr	-3.54	33.87	1ypr	-3.55	34.27	12.03
ypr	-3.54	34.44	12.02
51	34.69	12.00
ypr	-3.50	34.79	11.99
ypr	-3.49	34.87	11.99
ypr	-3.49	34.94	12.00
ypr	-3.49	34.99	12.02
ypr	-3.49	35.04	12.04
ypr	-3.48	35.09	12.07
ypr	-3.48	35.12	12.09
ypr	-3.47	35.14	12.12
ypr	-3.48	35.15	12.17
ypr	-3.49	35.15	12.21
ypr	-3.51	35.14	12.25
ypr	-3.51	35.13	12.28
ypr	-3.50	35.11	12.29
ypr	-3.50	35.10	12.29
ypr	-3.48	35.07	12.29
ypr	-3.47	35.05	12.28
ypr	-3.46	34.99	12.26
ypr	-3.45	34.92	12.24
ypr	-3.45	34.84	12.22
ypr	-3.46	34.75	12.21
ypr	-3.52	34.47	12.20
ypr	-3.53	34.38	12.20
ypr	-3.54	34.29	12.19
ypr	-3.55	34.18	12.19
ypr	-3.56	34.06	12.20
ypr	-3.58	33.92	12.21
ypr	-3.62	33.56	12.24
ypr	-3.64	33.35	12.25
ypr	-3.67	33.13	12.27
ypr	-3.69	32.89	12.29
ypr	-3.75	32.41	12.34
ypr	-3.77	32.17	12.38
ypr	-3.80	31.96	12.41
ypr	-3.81	31.76	12.45
ypr	-3.80	31.39	12.55
ypr	-3.78	31.36	12.56
ypr	-3.75	31.39	12.58
ypr	-3.60	31.82	12.58
ypr	-3.54	32.07	12.58
ypr	-3.43	32.64	12.56
ypr	-3.38	32.96	12.55
ypr	-3.33	33.29	12.54
ypr	-3.29	33.64	12.53
ypr	-3.25	34.00	12.51
ypr	-3.22	34.38	12.49
ypr	-3.18	34.76	12.47
ypr	-3.15	35.14	12.44
ypr	-3.12	35.52	12.41
ypr	-3.07	35.89	12.38
ypr	-3.03	36.25	12.35
ypr	-2.99	36.59	12.32
ypr	-2.95	36.92	12.28
ypr	-2.92	37.22	12.25
ypr	-2.90	37.47	12.22
ypr	-2.89	37.68	12.20
ypr	-2.87	37.86	12.18
r	-2.85	38.20	12.13
ypr	-2.85	38.25	12.12
ypr	-2.84	38.27	12.11
ypr	-2.83	38.27	12.10
ypr	-2.81	38.25	12.10
ypr	-2.80	38.19	12.10
ypr	-2.79	38.10	12.12
ypr	-2.87	37.30	12.18
ypr	-2.96	36.66	12.24
ypr	-3.00	36.31	12.27
ypr	-3.03	35.95	12.29
1
ypr	-3.08	35.16	12.34
ypr	-3.09	34.73	12.37
ypr	-3.12	33.80	12.40
ypr	-3.14	33.30	12.42
ypr	-3.15	32.77	12.44
ypr	-3.15	32.21	12.47
ypr	-3.16	31.64	12.50
ypr	-3.17	31.08	12.55
ypr	-3.18	30.52	12.59
ypr	-3.19	29.97	12.64
ypr	-28.34	12.75
ypr	-3.15	27.80	12.77
ypr	-3.13	27.28	12.80
ypr	-3.11	26.77	12.83
ypr	-3.10	26.26	12.87
ypr	-3.07	25.75	12.90
ypr	-3.05	25.25	12.93
ypr	-3.00	24.73	12.93
ypr	-2.93	24.22	12.90
ypr	-2.85	23.68	12.86
ypr	-2.77	23.13	12.81
ypr	-2.58	21.28	12.63
ypr	-2.55	20.62	12.59
ypr	-2.51	19.93	12.54
ypr	-2ypr	-2.45	18.50	12.44
ypr	-2.42	17.77	12.37
ypr	-2.38	17.03	12.29
ypr	-2.31	15.57	12.08
ypr	-2.25	14.82	11.94
ypr	-2.19	14.06	11.76
ypr	-2.13	13.28	11.58
ypr	-2.08	12.51	11.40
ypr	-2.02	11.75	11.21
ypr	-1.98	11.02	11.02
ypr	-1.95	10.30	10.82
ypr	-1.92	7.55	10.01
4	6.23	9.59
ypr	-1.95	5.57	9.38
ypr	-1.96	4.92	9.16
ypr	-1.97	4.30	8.94

ypr	-1.99	3.12	8.53
ypr	-2.00	2.55	8.36
ypr	-2.02	1.98	8.21
ypr	-2.04	1.41	8.09
ypr	-2.05	0.86	7.97
7	7.71
ypr	-2.04	-0.69	7.56
ypr	-2.03	-1.20	7.40
ypr	-1.99	-2.27	7.10
ypr	-1.97	-2.83	6.97
ypr	-1.94	-3.40	6.86
ypr	-1.92	-3.98	6.77
ypr	-1.91	-4.54	6.70
ypr	-1.89	-5.08	6.64
ypr	-1.89	-5.62	6.58
ypr	-1.88	-6.16	6.54
ypr	-1.89	-6.68	6.50
ypr	-1.90	-7.22	6.47
ypr	-1.90	-7.75	6.45
ypr	-1.89	-8.24	6.44
ypr	-1.91	-8.70	6.43
ypr	-1.92	-9.15	6.43
ypr	-1.93	-9.60	6.42
ypr	-1.95	-10.06	6.40
ypr	-1.97	-10.51	6.37
ypr	-1.99	-10.96	6.35
ypr	-2.01	-11.41	6.32
ypr	-2.16	-13.16	6.15
ypr	-2.22	-13.58	6.14
ypr	-2.27	-14.00	6.11
ypr	-2.35	-14.42	6.08
ypr	-2.44	-14.83	6.02
ypr	-2.53	-15.23	5.95
ypr	-2.89	-16.44	5.57
ypr	-3.01	-16.87	5.41
ypr	-3.15	-17.30	5.23
ypr	-3.28	-17.76	5.05
ypr	-3.42	-18.24	4.88
ypr	-3.80	-19.86	4.49
ypr	-3.91	-20.41	4.39
ypr	-4.04	-20.94	4.27
ypr	-4.17	-21.45	4.14
ypr	-4.30	-21.95	3.98
ypr	-4.42	-22.45	3.84
ypr	-4.54	-22.94	3.73
ypr	-4.65	-23.41	3.64
ypr	-4.75	-23.86	3.56
ypr	-4.84	-24.32	3.50
ypr	-4.93	-24.75	3.45
ypr	-5.17	-25.86	3.33
ypr	-5.25	-26.17	3.28
ypr	-5.33	-26.45	3.25
ypr	-5.41	-26.71	3.24
ypr	-5.47	-26.94	3.23
ypr	-5.74	-27.56	3.18
ypr	-5.82	-27.70	3.17
ypr	-5.89	-27.87	3.18
ypr	-5.97	-28.05	3.19
ypr	-6.05	-28.26	3.21
ypr	-6.15	-28.50	3.24
ypr	-6.26	-28.75	3.26
ypr	-6.48	-29.32	3.30
ypr	-6.58	-29.62	3.33
ypr	-6.69	-29.93	3.34
ypr	-6.81	-30.23	3.38
ypr	-6.93	-30.52	3.40
ypr	-7.06	-30.80	3.42
ypr	-7.18	-31.08	3.44
ypr	-7.31	-31.37	3.46
ypr	-7.43	-31.66	3.48
ypr	-7.55	-31.96	3.52
ypr	-7.65	-32.26	3.57
ypr	-7.78	-32.55	3.59
ypr	-7.91	-32.86	3.59
ypr	-8.06	-33.23	3.56
ypr	-8.19	-33.63	3.54
ypr	-8.42	-34.52	3.55
ypr	-8.53	-34.99	3.57
ypr	-8.64	-35.45	3.58
ypr	-9.07	-36.81	3.47
ypr	-9.25	-37.25	3.40
ypr	-9.41	-37.69	3.33
ypr	-9.57	-38.13	3.28
ypr	-9.71	-38.57	3.25
ypr	-9.86	-39.00	3.23
ypr	-10.00	-39.41	3.22
ypr	-10.28	-40.18	3.22
ypr	-10.41	-40.51	3.24
ypr	-10.52	-40.82	3.26
ypr	-10.62	-41.08	3.29
ypr	-10.71	-41.33	3.32
ypr	-10.80	-41.53	3.36
ypr	-10.87	-41.70	3.40
ypr	-10.94	-41.83	3.44
ypr	-11.01	-41.93	3.47
	-11.17	-42.05	3.52
ypr	-11.24	-42.08	3.53
ypr	-11.30	-42.10	3.55
ypr	-11.36	-42.13	3.57
ypr	-11.42	-42.15	3.61
ypr	-11.47	-42.19	3.64
ypr	-11.53	-42.23	3.ypr	-11.68	-42.32	3.72
ypr	-11.77	-42.37	3.73
ypr	-11.85	-42.42	3.75
ypr	-12.02	-42.55	3.78
ypr	-12.11	-42.62	3.80
ypr	-12.20	-42.69	3.81
ypr	-12.29	-42.79	3.83
-12.55	-43.12	3.90
ypr	-12.62	-43.21	3.92
ypr	-12.68	-43.31	3.94
ypr	-12.83	-43.52	3.96
ypr	-12.89	-43.64	3.96
ypr	-12.94	-43.ypr	-13.00	-43.94	3.99
ypr	-13.06	-44.12	3.97
ypr	-13.15	-44.30	3.92
ypr	-13.44	-44.76	3.71
ypr	-13.50	-44.87	3.68
ypr	-13.57	-44.97	3.66
ypr	-13.84	-45.39	3.55
ypr	-13.96	-45.56	3.47
ypr	-14.06	-45.74	3.39
ypr	-14.26	-46.11	3.24
ypr	-14.30	-46.19	3.20
ypr	-14.36	-46.28	3.15
ypr	-14.42	-46.38	3.09
ypr	-14.47	-46.49	3.05
ypr	-14.51	-46.60	3.00
ypr	-14.58	-46.74	2.94
ypr	-14.69	-46.91	2.82
ypr	-14.86	-47.12	2.66
ypr	-15.10	-47.41	2.40

ypr	-16.08	-48.35	1.44
ypr	-16.40	-48.63	1.15
ypr	-16.66	-48.88	0.93
ypr	-17.00	-49.25	0.66
ypr	-17.13	-49.37	0.58
ypr	-17.23	-49.45	0.53
ypr	-17.32	-49.41	0.40
ypr	-17.28	-49.34	0.39
ypr	-17.21	-49.25	0.38
ypr	-17.14	-49.15	0.38
ypr	-17.08	-49.06	0.37
ypr	-17.05	-48.98	0.34
ypr	-17.04	-48.92	0ypr	-17.12	-48.84	0.27
ypr	-17.15	-48.81	0.25
ypr	-17.17	-48.77	0.24
ypr	-17.23	-48.69	0.21
ypr	-17.26	-48.68	0.20
ypr	-17.41	-48.73	0.12
ypr	-17.46	-48.74	0.08
ypr	-17.51	-48.76	0.05
ypr	-17.54	-48.78	0.03
ypr	-17.57	-48.76	0.01
ypr	-17.60	-48.71	-0.01
ypr	-17.61	-48.64	-0.03
ypr	-17.63	-48.56	-0.05
ypr	-17.63	-48.47	-0.07
ypr	-17.61	-48.37	-0.08
ypr	-17.58	-48.26	-0.08
ypr	-17.55	-48.16	-0.07
ypr	-17.50	-48.03	-0.06
ypr	-17.45	-47.91	-0.06
ypr	-17.41	-47.78	-0.05
ypr	-17.36	-47.65	-0.05
ypr	-17.31	-47.51	-0.04
ypr	-17.25	-47.37	-0.05
ypr	-17.21	-47.24	-0.05
ypr	-17.17	-47.12	-0.04
-46.84	-0.02
ypr	-17.06	-46.68	-0.02
ypr	-17.05	-46.53	-0.03
ypr	-17.02	-46.38	-0.03
	-0.02
ypr	-16.93	-46.04	-0.00
ypr	-16.85	-45.85	0.02
ypr	-16.77	-45.64	0.05
ypr	-16.66	-45.39	0.08
ypr	-15.71	-43.13	0.18
ypr	-15.50	-42.69	0.21
ypr	-15.28	-42.20	0.25
ypr	-15.05	-41.68	0.28
ypr	-14.84	-41.11	0.29
ypr	-14.64	-40.51	0.28
ypr	-14.47	-39.92	0.24
ypr	-14.10	-38.71	0.17
ypr	-13.87	-38.11	0.17
ypr	-13.62	-37.50	0.19
ypr	-13.35	-36.88	0.24
ypr	-13.06	-36.24	0.30
ypr	-12.80	-35.58	0.35
ypr	-12.32	-34.23	0.43
ypr	-12.08	-33.54	0.47
ypr	-11.86	-32.86	0.52
ypr	-11.65	-32.18	0.59
ypr	-11.44	-31.51	0.67
ypr	-11.2ypr	-10.82	-29.56	0.93
ypr	-10.60	-28.93	1.05
ypr	-10.40	-28.29	1.16
ypr	-10.20	-27.65	1.28
ypr	-10.01	-27.03	1.38
ypr	-9.09	-24.15	2.10
ypr	-8.74	-23.00	2.36
ypr	-8.57	-22.37	2.46
ypr	-8.41	-21.73	2.51
ypr	-8.24	-21.07	2.54
ypr	-8.06	-20.41	2.57
ypr	-7.88	-19.75	2.61

ypr	-6.95	-16.23	2.94
ypr	-6.78	-15.43	2.97
ypr	-6.61	-14.59	2.97
ypr	-6.44	-13.74	2.94
ypr	-6.27	-12.88	2.88
ypr	-6.11	-12.00	2.81
ypr	-5.95	-11.14	2.75
ypr	-5.79	-10.29	2.69
ypr	-5.63	-9.45	2.67
ypr	-5.48	-8.61	2.64
ypr	-5.32	-7.76	2.62
ypr	-5.17	-6.92	2.58
ypr	-5.01	-6.07	2.54
ypr	-4.85	-5.22	2.48
6
ypr	-4.43	-2.87	2.29
ypr	-4.30	-2.17	2.22
ypr	-4.18	-1.51	2.16
ypr	-4.05	-0.88	2.10
ypr	-3.92	-0.28	2.05
ypr	-3.79	0.30	2.00
ypr	-3.23	2.76	1.93
ypr	-3.14	3.12	1.95
ypr	-3.06	3.44	1.97
ypr	-2.97	3.72	2.01
ypr	-2.90	3.98	2.06
ypr	-2.85	4.18	2.12
ypr	-2.79	4.36	2.20
ypr	-2.74	4.53	2.27ypr	-2.61	4.87	2.40
ypr	-2.47	5.15	2.68
ypr	-2.37	5.33	2.83
ypr	-2.34	5.39	2.87
ypr	-2.31	5.47	2.89
ypr	-2.29	5.56	2.94
ypr	-2.16	5.97	3.06
ypr	-2.10	6.17	3.10
ypr	-2.02	6.42	3.12
ypr	-1.93	6.70	3.11
ypr	-1.62	7.73	2.98
ypr	-1.52	8.11	2.93
ypr	-1.32	8.90	2.85
ypr	-1.21	9.29	2.83
ypr	-1.11	9.70	2.83
ypr	-0.88	10.57	2.84
ypr	-0.75	11.05	2.84
ypr	-0.61	11.54	2.82
ypr	-0.31	12.54	2.74
ypr	-0.15	13.01	2.71
ypr	-0.00	13.46	2.70
ypr	0.15	13.90	2.74
ypr	0.31	14.34	2.79
4	15.25	2.86
ypr	0.82	15.71	2.88
ypr	0.99	16.15	2.89
ypr	1.16	16.56	2.90
5
ypr	1.47	17.26	2.99
ypr	1.61	17.56	3.03
ypr	1.87	18.10	3.10
ypr	1.99	18.33	3.14
ypr	2.10	18.53	3.18
ypr	2.19	18.73	3.23
ypr	2.28	18.92	3.28
ypr	2.46	19.30	3.33
ypr	2.55	19.48	3.35
ypr	2.64	19.66	3.36
ypr	2.71	19.80	3.37
ypr	2.78	19.94	3.38
ypr	2.84	20.08	3.39
ypr	2.89	20.20	3.41
ypr	2.93	20.31	3.42
ypr	2.96	20.40	3.43
ypr	2.99	20.48	3.46
ypr	3.02	20.54	3.48
ypr	3.04	20.59	3.49
ypr	3.06	20.63	3.50
ypr	3.08	20.65	3.50
ypr	3.10	20.65	3.52
ypr	3.10	20.59	3.55
ypr	3.09	20.52	3.58
ypr	3.07	20.40	3.62
.99	20.06	3.70
ypr	2.94	19.81	3.75
ypr	2.87	19.51	3.80
ypr	2.80	19.13	3.86
93
ypr	2.60	18.18	4.00
ypr	2.49	17.60	4.06
ypr	2.36	16.94	4.13
ypr	2.22	16.19	4.20
ypr	2.06	15.34	4.26
ypr	1.88	14.40	4.33
ypr	1.70	13.38	4.40
ypr	1.50	12.30	4.48
ypr	1.33	11.19	4.56
ypr	0.87	6.72	4.98
ypr	0.83	5.70	5.09
ypr	0.82	4.71	5.17
ypr	0.81	3.7ypr	0.82	2.86	5.18
ypr	0.83	2.03	5.11
ypr	0.84	1.27	5.01
ypr	0.87	0.58	4.91
ypr	0.90	-0.09	4.79
ypr	0.93	-0.74	4.67
ypr	0.96	-1.40	4.54
ypr	0.99	-2.05	4.40
ypr	1.02	-4.53	3.73
ypr	1.01	-5.02	3.59
yprypr	0.81	-6.62	3.08
ypr	0.61	-7.69	2.78
ypr	0.57	-8.06	2.71
0.52	-8.83	2.56
ypr	0.48	-9.21	2.47
ypr	0.44	-9.58	2.38
ypr	0.40	-9.96	2.30
ypr	0.36	-10.34	2.24
ypr	0.31	-11.07	2.15
ypr	0.28	-11.41	2.07
ypr	0.28	-11.75	1.97
ypr	0.28	-12.07	1.85
ypr	0.34	-12.68	1.34
ypr	0.37	-12.79	1.12
ypr	0.45	-12.79	0.73
ypr	0.46	-12.64	0.55
ypr	0.47	-12.39	0.32
ypr	0.47	-12.05	0.03
ypr	0.47	-11.64	-0.32
ypr	0.46	-11.17	-0.72
ypr	0.46	-10.67	-1.14
ypr	0.44	-10.16	-1.56
ypr	0.44	-9.67	-1.97
ypr	0.42	-9.24	-2.37
ypr	0.41	-8.92	-2.74
ypr	0.39	-8.72	-3.05
ypr	0.36	-8.68	-3.30
ypr	0.33	-8.76	-3.46
ypr	0.26	-9.33	-3.53
ypr	0.20	-9.77	-3.51
ypr	0.14	-10.29	-3.52
ypr	0.08	-10.85	-3.58
ypr	0.04	-11.44	-3.67
ypr	0.01	-12.00	-3.74
ypr	-0.01	-12.51	-3.79
ypr	-0.02	-12.95	-3.83
ypr	-0.03	-13.33	-3.86
ypr	-0.02	-13.66	-3.88
ypr	-0.00	-13.95	-3.91
ypr	0.03	-14.19	-3.96
ypr	0.08	-14.39	-4.02
ypr	0.14	-14.53	-4.09
ypr	0.22	-14.64	-4.18
ypr	0.32	-14.73	-4.29
ypr	0.43	-14.83	-4.41
ypr	0.53	-14.96	-4.49
ypr	0.64	-15.10	-4.54
ypr	0.73	-15.26	-4.54
ypr	0.80	-15.12	-4.45
ypr	0.80	-14.89	-4.37
ypr	0.81	ypr	0.82	-14.34	-3.90
ypr	0.81	-14.09	-3.69
ypr	0.78	-13.79	-3.50
ypr	0.74	-13.44	-3.31
ypr	0.69	-13.05	-3.10
ypr	0.63	-12.64	-2.87
ypr	0.58	-12.24	-2.64
ypr	0.52	-11.84	-2.38
ypr	0.44	-11.43	-2.12
ypr	0.33	-11.07	-1.85
ypr	0.19	-10.77	-1.61
ypr	0.03	-10.52	-1.38
ypr	-0.12	-10.34	-1.18
ypr	-0.27	-10.21	-1.03
ypr	-0.40	-10.10	-0.93
ypr	-0.51	-10.00	-0.87
ypr	-0.61	-9.89	-0.85
-0.91
ypr	-0.79	-9.65	-0.94
ypr	-0.78	-9.75	-0.95
ypr	-0.72	-10.09	-0.93
ypr	-0.67	-10.48	-0.92
ypr	-0.64	-10.71	-0.89
ypr	-0.42	-10.70	0.05
ypr	-0.27	-10.66	0.95
ypr	-0.14	-10.48	2.13
ypr	-0.01	-10.06	3.26
ypr	0.04	-9.45	4.03
ypr	0.14	-8.83	4.69
ypr	0.14	-8.83	4.59
ypr	0.13	-8.93	4.35
ypr	0.14	-9.09	3.74
ypr	0.13	-9.07	3.60
ypr	0.11	-9.04	3.46
ypr	0.06	-8.98	3.29
ypr	0.01	-8.89	3.12
ypr	-0.04	-8.75	2.96
ypr	-0.09	-8.57	2.83
ypr	-0.12	-8.40	2.76
ypr	-0.15	-8.24	2.72
ypr	-0.17	-8.06	2.71
ypr	-0.29	-7.24	2.54
ypr	-0.31	-7.10	2.43
ypr	-0.30	-7.07	2.31
ypr	-0.27	-7.08	2.20
	-0.17	-7.01	1.87
ypr	-0.16	-6.94	1.80
ypr	-0.14	-6.88	1.71
ypr	-0.03	-6.77	1.52
ypr	0.00	-6.75	1.46
ypr	0.11	-6.75	1.25
ypr	0.13	-6.78	1.17
ypr	0.14	-6.80	1.09
ypr	0.15	-6.80	1.04
ypr	0.16	-6.81	ypr	0.16	-6.80	0.96
ypr	0.18	-6.80	0.92
ypr	0.20	-6.78	0.87
ypr	0.23	-6.75	0.82
ypr	0.27	-6.73	0.77
ypr	0.32	-6.71	0.70
ypr	0.41	-6.63	0.56
ypr	0.46	-6.57	0.50
ypr	0.51	-6.50	0.45
ypr	0.60	-6.33	0.35
ypr	0.65	-6.24	0.31
ypr	0.68	-6.15	0.29
ypr	0.70	-6.08	0.27
ypr	0.73	-6ypr	0.79	-5.71	0.24
ypr	0.84	-5.50	0.25
ypr	0.88	-5.26	0.25
ypr	0.84	-4.68	-0.14
ypr	0.80	-4.58	-0.42
.65
ypr	0.73	-4.49	-0.62
ypr	0.73	-4.51	-0.60
ypr	0.74	-4.52	-0.60
ypr	0.74	-4.53	-0.60
ypr	0.74	-4.54	-0.60
ypr	0.74	-4.55	-0.60
ypr	0.75	-4.56	-0.59
ypr	0.77	-4.56	-0.58
ypr	0.78	-4.56	-0.58
ypr	0.78	-4.56	-0.58
ypr	0.78	-4.56	-0.58
ypr	0.76	-4.56	-0.58
ypr	0.74	-4.57	-0.57
ypr	0.71	-4.57	-0.56
ypr	0.67	-4.58	-0.55
ypr	0.69	-4.58	-0.55
ypr	0.71	-4.57	-0.56
ypr	0.73	-4.56	-0.58
ypr	0.73	-4.56	-0.60
ypr	0.74	-4.54	-0.63
ypr	0.75	-4.50	-0.68
ypr	0.77	-4.44	-0.75
ypr	0.84	-4.29	-0.93
ypr	0.97	-4.03	-1.22
ypr	1.15	-3.63	-1.65
ypr	1.36	-3.28	-2.03
ypr	1.57	-3.29	-1.99
ypr	1.73	-3.25	-2.02
ypr	1.88	-3.24	-2.02
ypr	2.02	-3.23	-2.02
ypr	2.14	-3.22	-2.01
ypr	2.29	-3.23	-2.00
ypr	2.33	-3.23	-2.00
ypr	2.35	-3.22	-2.00
ypr	2.35	-3.22	-2.01
ypr	2.35	-3.22	-2.01
ypr	2.35	-3.22	-2.01
ypr	2.35	-3.22	-2.01
ypr	2.35	-3.22	-2.01
ypr	2.35	-3.22	-2.00
ypr	2.35	-3.22	-2.00
ypr	2.35	-3.22	-2.00
ypr	2.35	-3.22	-2.00
ypr	2.35	-3.22	-2.01
ypr	2.35	-3.22	-2.02
ypr	2.34	-3.22	-2.02
ypr	2.34	-3.22	-2.03
ypr	2.34	-3.22	-2.03
ypr	2.34	-3.22	-2.03
ypr	2.34	-3.22	-2.02
ypr	2.34	-3.22	-2.02
ypr	2.34	-3.22	-2.02
ypr	2.34	-3.22	-2.03
ypr	2.34	-3.22	-2.03
ypr	2.35	-3.22	-2.03
ypr	2.38	-3.22	-2.03
ypr	2.40	-3.22	-2.03
ypr	2.41	-3.22	-2.03
ypr	2.40	-3.22	-2.03
ypr	2.40	-3.22	-2.03
ypr	2.40	-3.22	-2.03
ypr	2.40	-3.22	-2.03
ypr	2.40	-3.22	-2.03
ypr	2.40	-3.23	-2.03
	-2.03
ypr	2.40	-3.23	-2.03
ypr	2.40	-3.23	-2.03
ypr	2.40	-3.22	-2.03
ypr	2.40	-3.22	-2.04
ypr	2.40	-3.22	-2.04
ypr	2.39	-3.22	-2.04
ypr	2.39	-3.22	-2.04
ypr	2.39	-3.22	-2.04
ypr	2.39	-3.22	-2.04
ypr	2.39	-3.22	-2.04
ypr	2.39	-3.23	-2.03ypr	2.39	-3.23	-2.03
ypr	2.39	-3.23	-2.03
ypr	2.39	-3.23	-2.04
ypr	2.39	-3.23	-2.04
ypr	2.39	-3.23	-2.04
ypr	2.39	-3.23	-2.04
ypr	2.39	-3.23	-2.04
ypr	2.39	-3.23	-2.05
ypr	2.39	-3.23	-2.05
ypr	2.39	-3.23	-2.05
ypr	2.39	-3.23	-2.04
ypr	2.38	-3.23	-2.04
ypr	2.38	-3.23	-2.04
ypr	2.38	-3.23	-2.04
ypr	2.38	-3.23	-2.04
ypr	2.38	-3.23	-2.05
ypr	2.38	-3.23	-2.05
ypr	2.38	-3.23	-2.05
ypr	2.38	-3.23	-2.05
ypr	2.38	-3.23	-2.05
ypr	2.38	-3.23	-2.05
ypr	2.38	-3.23	-2.05
ypr	2.37	-3.23	-2.05
ypr	2.37	-3.23	-2.05
ypr	2.37	-3.23	-2.05
ypr	2.37	-3.23	-2.05
ypr	2.37	-3.23	-2.05
ypr	2.37	-3.23	-2.05
ypr	2.37	-3.23	-2.05
ypr	2.37	-3.23	-2.05
ypr	2.37	-3.23	-2.05
ypr	2.37	-3.23	-2.05
ypr	2.37	-3.23	-2.05
ypr	2.37	-3.24	-2.05
ypr	2.37	-3.24	-2.05
ypr	2.37	-3.24	-2.05
ypr	2.37	-3.24	-2.05
ypr	2.37	-3.24	-2.05
ypr	2.37	-3.24	-2.05
ypr	2.37	-3.24	-2.05
ypr	2.37	-3.24	-2.05
ypr	2.37	-3.24	-2.05
ypr	2.37	-3.24	-2.05
ypr	2.37	-3.24	-2.05
ypr	2.37	-3.24	-2.05
ypr	2.36	-3.24	-2.05
ypr	2.36	-3.24	-2.05
ypr	2.36	-3.24	-2.05
ypr	2.36	-3.24	-2.05
ypr	2.36	-3.24	-2.05
ypr	2.36	-3.24	-2.05
ypr	2.36	-3.24	-2.05
ypr	2.36	-3.24	-2.05
ypr	2.36	-3.24	-2.06
ypr	2.36	-3.24	-2.05
ypr	2.35	-3.24	-2.06
ypr	2.35	-3.24	ypr	2.35	-3.24	-2.06
ypr	2.35	-3.24	-2.06
ypr	2.35	-3.24	-2.06
ypr	2.35	-3.24	-2.06
ypr	2.35	-3.24	-2.06
ypr	2.34	-3.24	-2.06
ypr	2.34	-3.24	-2.06
ypr	2.34	-3.24	-2.06
ypr	2.34	-3.24	-2.06
ypr	2.34	-3.24	-2.06
ypr	2.34	-3.24	-2.06
ypr	2.34	-3.24	-2.07
ypr	2.34	-3.24	-2.07
ypr	2.34	-3.24	-2.07
ypr	2.34	-3.24	-2.07
ypr	2.34	-3.24	-2.07
ypr	2.34	-3.24	-2.07
ypr	2.34	-3.24	-2.07
ypr	2.34	-3.24	-2.07
ypr	2.34	-3.24	-2.07
ypr	2.34	-3.24	-2.07
ypr	2.34	-3.24	-2.07
ypr	2.34	-3.24	-2.07
ypr	2.33	-3.25	-2.07
ypr	2.33	-3.24	-2.07
ypr	2.33	-3.25	-2.07
ypr	2.33	-3.25	-2.07
ypr	2.33	-3.25	-2.07
ypr	2.32	-3.25	-2.07
ypr	2.32	-3.25	-2.07
ypr	2.32	-3.25	-2.ypr	2.32	-3.25	-2.07
ypr	2.32	-3.25	-2.07
ypr	2.32	-3.25	-2.07
ypr	2.32	-3.25	-2.07
ypr	2.32	-3.25	-2.07
ypr	2.32	-3.25	-2.07
ypr	2.32	-3.25	-2.07
ypr	2.32	-3.25	-2.07
ypr	2.32	-3.25	-2.07
ypr	2.32	-3.25	-2.07
ypr	2.32	-3.25	-2.08
ypr	2.32	-3.25	-2.08
ypr	2.31	-3.25	-2.08
ypr	2.31	-3.25	-2.08
ypr	2.31	-3.25	-2.08
ypr	2.31	-3.25	-2.08
ypr	2.31	-3.25	-2.08
ypr	2.31	-3.25	-2.08
ypr	2.31	-3.26	-2.08
ypr	2.31	-3.25	-2.08
ypr	2.31	-3.25	-2.08
ypr	2.31	-3.25	-2.08
ypr	2.31	-3.25	-2.08
ypr	2.31	-3.25	-2.09
ypr	2.30	-3.25	-2.08
ypr	2.30	-3.26	-2.08
ypr	2.30	-3.26	-2.09
ypr	2.30	-3.26	-2.08
ypr	2.30	-3.26	-2.08
ypr	2.29	-3.26	-2.08
ypr	2.29	-3.26	-2.09
ypr	2.29	-3.26	-2.09
ypr	2.29	-3.26	-2.09
ypr	2.29	-3.26	-2.09
ypr	2.29	-3.26	-2.09
ypr	2.29	-3.26	-2.09
ypr	2.29	-3.26	-2.09
ypr	2.29	-3.26	-2.09
ypr	2.29	-3.26	-2.09
ypr	2.29	-3.26	-2.09
ypr	2.29	-3.26	-2.09
ypr	2.28	-3.26	-2.09
ypr	2.28	-3.26	-2.09
ypr	2.28	-3.26	-2.09
ypr	2.28	-3.26	-2.09
ypr	2.28	-3.26	-2.09
ypr	2.28	-3.26	-2.09
ypr	2.28	-3.26	-2.09
ypr	2.27	-3.26	-2.09
ypr	2.27	-3.26	-2.09
ypr	2.27	-3.26	-2.09
ypr	2.27	-3.26	-2.09
ypr	2.27	-3.26	-2.09
ypr	2.27	-3.26	-2.09
ypr	2.27	-3.26	-2.09
ypr	2.27	-3.26	-2.09
ypr	2.27	-3.26	-2.09
ypr	2.27	-3.26	-2.09
ypr	2.27	-3.26	-2.09
ypr	2.27	-3.26	-2.09
ypr	2.27	-3.26	-2.09
-3.25	-2.09
ypr	2.27	-3.26	-2.09
ypr	2.27	-3.26	-2.09
ypr	2.27	-3.26	-2.09
ypr	2.26	-3.25	-2.09
ypr	2.26	-3.26	-2.09
ypr	2.26	-3.26	-2.09
ypr	2.26	-3.26	-2.09
2.10
ypr	2.26	-3.26	-2.10
ypr	2.26	-3.26	-2.10
ypr	2.25	-3.26	-2.10
ypr	2.25	-3.26	-2.10
ypr	2.25	-3.26	-2.10
ypr	2.25	-3.26	-2.10
2.10
ypr	2.25	-3.26	-2.10
ypr	2.25	-3.26	-2.10
ypr	2.25	-3.26	-2.10
ypr	2.25	-3.26	-2.10
ypr	2.25	-3.26	-2.10
26	-2.10
ypr	2.25	-3.26	-2.10
ypr	2.25	-3.26	-2.10
ypr	2.25	-3.26	-2.10
ypr	2.25	-3.26	-2.10
ypr	2.25	-3.26	-2.10
ypr	2.24	-3.26	-2.10
ypr	2.2ypr	2.24	-3.26	-2.10
ypr	2.24	-3.26	-2.10
ypr	2.24	-3.26	-2.10
ypr	2.24	-3.26	-2.10
ypr	2.23	-3.26	-2.10
ypr	2.23	-3.26	-2.10
ypr	2.23	-3.26	-2.10
ypr	2.23	-3.26	-2.10
ypr	2.23	-3.26	-2.10
ypr	2.23	-3.26	-2.10
ypr	2.23	-3.26	-2.10
ypr	2.23	-3.26	-2.10
ypr	2.23	-3.26	-2.11
ypr	2.23	-3.26	-2.11
ypr	2.22	-3.26	-2.10
ypr	2.22	-3.26	-2.10
ypr	2.22	-3.27	-2.11
ypr	2.22	-3.26	-2.11
ypr	2.22	-3.26	-2.11
ypr	2.22	-3.26	-2.11
ypr	2.22	-3.26	-2.11
ypr	2.22	-3.26	-2.11
ypr	2.22	-3.26	-2.11
ypr	2.22	-3.26	-2.11
ypr	2.22	-3.26	-2.11
ypr	2.22	-3.26	-2.11
ypr	2.22	-3.26	-2.11
ypr	2.22	-3.26	-2.11
ypr	2.22	-3.26	-2.11
ypr	2.22	-3.26	-2.11
ypr	2.22	-3.26	-2.11
ypr	2.21	-3.26	-2.11
ypr	2.21	-3.26	-2.10
ypr	2.21	-3.26	-2.10
ypr	2.21	-3.26	-2.10
ypr	2.20	-3.26	-2.10
ypr	2.20	-3.26	-2.10
ypr	2.20	-3.26	-2.10
ypr	2.20	-3.26	-2.10
ypr	2.20	-3.26	-2.11
ypr	2.20	-3.26	-2.11
ypr	2.20	-3.26	-2.11
ypr	2.20	-3.26	-2.11
ypr	2.20	-3.26	-2.11
ypr	2.20	-3.26	-2.11
ypr	2.20	-3.26	-2.11
ypr	2.20	-3.26	-2.11
ypr	2.20	-3.26	-2.11
ypr	2.19	-3.26	-2.11
ypr	2.19	-3.26	-2.11
ypr	2.19	-3.26	-2.11
ypr	2.19	-3.26	-2.11
ypr	2.19	-3.26	-2.11
ypr	2.19	-3.26	-2.11
ypr	2.19	-3.26	-2.11
6	-2.11
ypr	2.18	-3.26	-2.11
ypr	2.18	-3.26	-2.1ypr	2.18	-3.26	-2.11
ypr	2.17	-3.26	-2.11
ypr	2.17	-3.26	-2.11
ypr	2.17	-3.27	-2.11
ypr	2.17	-3.26	-2.11
ypr	2.17	-3.26	-2.11
ypr	2.17	-3.26	-2.11
ypr	2.17	-3.26	-2.11
ypr	2.17	-3.26	-2.11
ypr	2.17	-ypr	2.17	-3.26	-2.11
ypr	2.17	-3.26	-2.11
ypr	2.17	-3.26	-2.11
ypr	2.16	-3.26	-2.11
ypr	2.16	-3.26	-2.11
ypr	2.16	-3.26	-2.11
ypr	2.16	-3.26	-2.11
ypr	2.16	-3.26	-2.11
ypr	2.16	-3.26	-2.11
ypr	2.16	-3.26	-2.12
ypr	2.16	-3.26	-2.12
ypr	2.16	-3.26	-2.12
ypr	2.16	-3.26	-2.12
ypr	2.16	-3.26	-2.12
ypr	2.16	-3.26	-2.11
ypr	2.15	-3.26	-2.11
ypr	2.15	-3.26	-2.11
ypr	2.15	-3.26	-2.11
ypr	2.15	-3.26	-2.12
ypr	2.15	-3.26	-2.12
ypr	2.15	-3.26	-2.12
ypr	2.15	-3.26	-2.11
ypr	2.15	-3.26	-2.11
ypr	2.15	-3.26	-2.11
ypr	2.15	-3.26	-2.11
ypr	2.15	-3.26	-2.11
ypr	2.15	-3.26	-2.11
ypr	2.15	-3.26	-2.11
ypr	2.15	-3.26	-2.11
ypr	2.15	-3.26	-2.11
ypr	2.15	-3.26	-2.11
ypr	2.15	-3.2ypr	2.14	-3.26	-2.11
ypr	2.14	-3.26	-2.11
ypr	2.14	-3.26	-2.11
ypr	2.14	-3.26	-2.11
ypr	2.14	-3.26	-2.11
ypr	2.13	-3.26	-2.11
ypr	2.13	-3.26	-2.11
ypr	2.13	-3.26	-2.11
ypr	2.13	-3.26	-2.11
ypr	2.13	-3.26	-2.11
ypr	2.13	-3.26	-2.11
ypr	2.13	-3.26	-2.11
ypr	2.13	-3.26	-2.11
ypr	2.13	-3.26	-2.11
ypr	2.13	-3.26	-2.11
ypr	2.13	-3.26	-2.11
ypr	2.13	-3.26	-2.11
ypr	2.13	-3.26	-2.11
ypr	2.13	-3.26	-2.11
ypr	2.13	-3.26	-2.11
ypr	2.13	-3.26	ypr	2.12	-3.26	-2.11
ypr	2.12	-3.26	-2.11
ypr	2.12	-3.26	-2.11
ypr	2.12	-3.26	-2.11
ypr	2.12	-3.26	-2.11
ypr	2.11	-3.26	-2.11
ypr	2.11	-3.26	-2.11
ypr	2.11	-3.26	-2.11
ypr	2.11	-3.26	-2.11
ypr	2.11	-3.26	-2.11
ypr	2.11	-3.26	-2.11
ypr	2.11	-3.26	-2.11
ypr	2.11	-3.26	-2.11
ypr	2.11	-3.26	-2.11
ypr	2.11	-3.26	-2.11
ypr	2.10	-3.26	-2.11
ypr	2.10	-3.26	-2.11
ypr	2.10	-3.26	-2.11
ypr	2.10	-3.26	-2.11
ypr	2.10	-3.26	-2.11
ypr	2.10	-3.26	-2.11
ypr	2.10	-3.26	-2.11
ypr	2.10	-3.26	-2.11
ypr	2.10	-3.26	-2.11
ypr	2.10	-3.26	-2.11
ypr	2.10	-3.26	-2.11
ypr	2.10	-3.26	-2.11
ypr	2.10	-3.26	-2.11
ypr	2.10	-3.26	-2.11
ypr	2.10	-3.26	-2.11
ypr	2.10	-3.26	-2.11
ypr	2.10	-3.26	-2.11
	-3.26	-2.11
ypr	2.09	-3.26	-2.11
ypr	2.09	-3.26	-2.11
ypr	2.09	-3.26	-2.11
ypr	2.09	-3.26	-2.11
ypr	2.09	-3.26	-2.11
ypr	2.09	-3.26	-2.11
ypr	2.09	-3.26	-2.11
ypr	2.09	-3.26	-2.11
ypr	2.09	-3.26	-2.11
ypr	2.08	-3.26	-2.11
ypr	2.08	-3.26	-2.11
ypr	2.08	-3.26	-2.11
ypr	2.08	-3.26	-2.11
ypr	2.08	-3.26	-2.11
ypr	2.08	-3.26	-2.11
ypr	2.08	-3.26	-2.11
ypr	2.08	-3.26	-2.11
ypr	2.08	-3.26	-2.11
ypr	2.08	-3.26	-2.11
ypr	2.08	-3.26	-2.11
ypr	2.08	-3.26	-2.11
ypr	2.08	-3.26	-2.12
ypr	2.08	-3.26	-2.12
ypr	2.08	-3.26	-2.12
ypr	2.08	-3.26	-2.12
ypr	2.08	-3.26	-2.12
ypr	2.08	-3.27	-2.12
ypr	2.08	-3.27	-2.12
ypr	2.08	-3.27	-ypr	2.08	-3.26	-2.12
ypr	2.08	-3.27	-2.12
ypr	2.07	-3.27	-2.12
ypr	2.07	-3.27	-2.12
ypr	2.07	-3.27	-2.12
ypr	2.07	-3.27	-2.12
ypr	2.07	-3.27	-2.12
ypr	2.07	-3.27	-2.12
ypr	2.07	-3.26	-2.12
ypr	2.07	-3.26	-2.12
ypr	2.07	-3.26	-2.12
ypr	2.07	-3.26	-2.12
ypr	2.06	-3.26	-2.12
ypr	2.06	-3.27	-2.12
ypr	2.06	-3.26	-2.12
ypr	2.06	-3.26	-2.12
ypr	2.06	-3.27	-2.12
ypr	2.06	-3.26	-2.12
ypr	2.06	-3.26	-2.12
ypr	2.06	-3.26	-2.12
ypr	2.06	-3.26	-2.12
	-3.26	-2.12
ypr	2.06	-3.26	-2.12
ypr	2.06	-3.26	-2.12
ypr	2.06	-3.26	-2.12
ypr	2.06	-3.26	-2.12
ypr	2.06	-3.26	-2.12
ypr	2.06	-3.26	-2.12
ypr	2.05	-3.27	-2.12
ypr	2.05	-3.27	-2.12
ypr	2.05	-3.27	-2.12
ypr	2.05	-3.27	-2.12
ypr	2.05	-3.27	-2.12
ypr	2.05	-3.26	-2.12
ypr	2.05	-3.27	-2.12
ypr	2.05	-3.27	-2.12
ypr	2.05	-3.27	-2.12
ypr	2.04	-3.27	-2.12
ypr	2.04	-3.27	-2.12
ypr	2.04	-3.27	-2.12
ypr	2.04	-3.27	-2.12
ypr	2.03	-3.27	-2.12
ypr	2.03	-3.27	-2.12
ypr	2.03	-3.27	-2.12
ypr	2.03	-3.27	-2.12
ypr	2.03	-3.27	-2.12
ypr	2.03	-3.27	-2.12
ypr	2.03	-3.27	-2.12
ypr	2.03	-3.27	-2.12
ypr	2.03	-3.27	-2.12
ypr	2.03	-3ypr	2.03	-3.27	-2.12
ypr	2.03	-3.27	-2.12
ypr	2.03	-3.27	-2.12
ypr	2.03	-3.27	-2.12
ypr	2.03	-3.27	-2.12
ypr	2.02	-3.27	-2.12
ypr	2.02	-3.27	-2.12
ypr	2.02	-3.27	-2.12
ypr	2.02	-3.27	-2.12
ypr	2.02	-3.27	-2.12
ypr	2.02	-3.27	-2.12
ypr	2.02	-3.27	-2.11
ypr	2.01	-3.27	-2.11
ypr	2.01	-3.27	-2.12
ypr	2.01	-3.27	-2.11
ypr	2.01	-3.26	-2.11
ypr	2.01	-3.26	-2.11
ypr	2.01	-3.26	-2.11
ypr	2.01	-3.26	-2.11
ypr	2.01	-3.26	-2.11
ypr	2.01	-3.26	-2.11
ypr	2.01	-3.26	-2.11
ypr	2.01	-3.26	-2.11
ypr	2.01	-3.26	-2.11
ypr	2.01	-3.27	-2.11
ypr	2.01	-3.27	-2.11
ypr	2.01	-3.27	-2.11
ypr	2.01	-3.27	-2.11
ypr	2.01	-3.27	-2.11
ypr	2.00	-3.27	-2.11
ypr	2.00	-3.27	-2.11
ypr	2.00	-3.26	-2.11
3.26	-2.11
ypr	1.99	-3.26	-2.11
ypr	1.99	-3.26	-2.11
ypr	1.99	-3.26	-2.11
ypr	1.99	-3.26	-2.11
ypr	1.99	-3.26	-2.11
ypr	1.99	-3.26	-2.10
ypr	1.99	-3.26	-2.10
ypr	1.99	-3.26	-2.10
ypr	1.99	-3.26	-2.10
ypr	1.99	-3.26	-2.10
ypr	1.99	-3.26	-2.10
ypr	1.99	-3.26	-2.10
ypr	1.99	-3.26	-2.10
ypr	1.99	-3.26	-2.10
ypr	1.98	-3.26	-2.11
ypr	1.98	-3.26	-2.11
pr	1.98	-3.26	-2.11
ypr	1.98	-3.27	-2.11
ypr	1.98	-3.27	-2.11
ypr	1.98	-3.27	-2.11
10
ypr	1.98	-3.26	-2.10
ypr	1.98	-3.26	-2.10
ypr	1.97	-3.26	-2.11
ypr	1.97	-3.26	-2.11
ypr	1.97	-3.26	-2.11
ypr	1.97	-3.26	-2.11
ypr	1.97	-3.26	-2.11
ypr	1.97	-3.26	-2.11
ypr	1.97	-3.26	-2.11
ypr	1.97	-3.26	-2.11
ypr	1.97	-3.26	-2.11
ypr	1.97	-3.26	-2.11
ypr	1.96	-3.26	-2.11
ypr	1.96	-3.26	-2.11
ypr	1.96	-3.26	-2.11
ypr	1.96	-3.26	-2.11
ypr	1.96	-3.26	-2.11
ypr	1.96	-3.26	-2.11
ypr	1.96	-3.26	-2.11
ypr	1.96	-3.26	-2.11
-2.11
ypr	1.96	-3.26	-2.11
ypr	1.96	-3.26	-2.11
ypr	1.96	-3.26	-2.11
ypr	1.96	-3.26	-2.10
ypr	1.96	-3.26	-2.11
ypr	1.96	-3.27	-2.10
ypr	1.96	-3.26	-2.10
ypr	1.96	-3.26	-2.11
ypr	1.95	-3.26	-2.11
ypr	1.95	-3.27	-2.11
ypr	1.95	-3.27	-2.11
ypr	1.95	-3.27	-2.11
ypr	1.95	-3.26	-2.11
ypr	1.95	-3.26	-2.11
ypr	1.95	-3.26	-2.11
ypr	1.95	-3.26	-2.11
ypr	1.95	-3.26	-2.11
ypr	1.95	-3.26	-2.11
ypr	1.95	-3.26	-2.11
ypr	1.94	-3.27	-2.11
ypr	1.94	-3.27	-2.11
ypr	1.94	-3.27	-2.11
ypr	1.94	-3.26	-2.11
ypr	1.94	-3.26	-2.11
4	-3.27	-2.11
ypr	1.94	-3.27	-2.11
ypr	1.94	-3.27	-2.11
ypr	1.94	-3.27	-2.11
ypr	1.94	-3.26	-2.11
ypr	1.94	-3.27	-2.11
ypr	1.94	-3.27	-2.11
ypr	1.93	-3.27	-2.11
ypr	1.93	-3.27	-2.11
ypr	1.93	-3.27	-2.11
ypr	1.93	-3.27	-2.11
	-3.27	-2.11
ypr	1.93	-3.27	-2.11
ypr	1.93	-3.27	-2.11
ypr	1.93	-3.27	-2.11
ypr	1.92	-3.27	-2.11
ypr	1.92	-3.27	-2.11
ypr	1.92	-3.27	-2.11
ypr	1.92	-3.27	-2.11
ypr	1.92	-3.27	-2.11
ypr	1.92	-3.27	-2.11
ypr	1.92	-3.27	-2.11
ypr	1.92	-3.27	-2.11
ypr	1.92	-3.27	-2.11
ypr	1.92	-3.27	-2.11
ypr	1.92	-3.27	-2.11
ypr	1.92	-3.27	-2.11
ypr	1.92	-3.27	-2.11
ypr	1.92	-3.27	-2.11
ypr	1.92	-3.27	-2.11
ypr	1.92	-3.27	-2.11
ypr	1.92	-3.27	-2.11
ypr	1.92	-3.27	-2.11
ypr	1.92	-3.27	-2.11
ypr	1.91	-3.27	-2.11
ypr	1.91	-3.27	-2.11
ypr	1.91	-3.27	-2.11
ypr	1.91	-3.27	-2.11
ypr	1.91	-3.27	-2.11
ypr	1.91	-3.27	-2.11
ypr	1.91	-3.27	-2.11
ypr	1.91	-3.27	-2.11
ypr	1.90	-3.27	-2.10
ypr	1.90	-3.27	-2.10
ypr	1.90	-3.27	-2.10
ypr	1.90	-3.27	-2.10
ypr	1.90	-3.28	-2.10
ypr	1.90	-3.27	-2.10
ypr	1.90	-3.28	-2.10
ypr	1.90	-3.28	-2.10
ypr	1.89	-3.28	-2.10
ypr	1.89	-3.28	-2.10
ypr	1.89	-3.28	-2.10
ypr	1.89	-3.28	-2.10
ypr	1.89	-3.28	-2.10
ypr	1.89	-3.28	-2.ypr	1.89	-3.27	-2.10
ypr	1.89	-3.27	-2.10
ypr	1.89	-3.27	-2.10
ypr	1.89	-3.27	-2.10
ypr	1.89	-3.27	-2.10
ypr	1.89	-3.27	-2.10
ypr	1.89	-3.27	-2.10
ypr	1.89	-3.27	-2.10
ypr	1.88	-3.27	-2.10
ypr	1.88	-3.27	-2.10
ypr	1.88	-3.27	-2.10
ypr	1.88	-3.27	-2.10
ypr	1.88	-3.27	-2.10
ypr	1.88	-3.27	-2.10
ypr	ypr	1.88	-3.27	-2.10
ypr	1.87	-3.27	-2.10
ypr	1.87	-3.27	-2.10
ypr	1.87	-3.27	-2.10
ypr	1.87	-3.27	-2.10
ypr	1.87	-3.27	-2.10
ypr	1.87	-3.27	-2.10
ypr	1.87	-3.27	-2.10
ypr	1.87	-3.27	-2.10
ypr	1.87	-3.27	-2.10
ypr	1.87	-3.27	-2.10
ypr	1.87	-3.27	-2.10
ypr	1.87	-3.27	-2.10.87	-3.27	-2.10
ypr	1.87	-3.27	-2.10
ypr	1.87	-3.27	-2.10
ypr	1.86	-3.27	-2.10
ypr	1.86	-3.27	-2.10
ypr	1.86	-3.27	-2.10
ypr	1.86	-3.27	-2.10
ypr	1.86	-3.27	-2.10
ypr	1.86	-3.27	-2.10
ypr	1.86	-3.27	-2.10
ypr	1.85	-3.27	-2.10
ypr	1.85	-3.27	-2.10
ypr	1.85	-3.27	-2.10
ypr	1.85	-3.27	-2.10
ypr	1.85	-3.27	-2.10
ypr	1.85	-3.27	-2.10
ypr	1.85	-3.27	-2.09
ypr	1.85	-3.27	-2.09
ypr	1.85	-3.27	-2.09
ypr	1.85	-3.27	-2.08
ypr	1.85	-3.27	-2.08
ypr	1.85	-3.27	-2.08
ypr	1.85	-3.27	-2.08
ypr	1.85	-3.27	-2.08
ypr	1.85	-3.27	-2.08
ypr	1.85	-3.27	-2.08
ypr	1.85	-3.27	-2.08
ypr	1.85	-3.26	-2.07
ypr	1.85	-3.26	-2.07
ypr	1.85	-3.26	-2.07
ypr	1.85	-3.26	-2.07
ypr	1.84	-3.26	-2.06
ypr	1.84	-3.26	-2.06
ypr	1.84	-3.26	-2.06
ypr	1.84	-3.26	-2.06
ypr	1.84	-3.26	-2.06
ypr	1.84	-3.26	-2.05
ypr	1.84	-3.26	-2.05
-3.26	-2.05
ypr	1.84	-3.26	-2.05
ypr	1.84	-3.26	-2.05

ypr	1.84	-3.26	-2.05
ypr	1.84	-3.26	-2.05
3.26	-2.04
ypr	1.83	-3.26	-2.04
ypr	1.83	-3.26	-2.03
ypr	1.83	-3.26	-2.03
ypr	1.83	-3.26	-2.03
ypr	1.83	-3.25	-2.03
ypr	1.83	-3.25	-2.03
ypr	1.83	-3.25	-2.03
ypr	1.83	-3.26	-2.03
ypr	1.83	-3.25	-2.03
ypr	1.83	-3.25	-2.03
ypr	1.83	-3.25	-2.02
ypr	1.83	-3.25	-2.02
ypr	1.83	-3.25	-2.02
ypr	1.83	-3.25	-2.02
ypr	1.83	-3.25	-2.02
ypr	1.83	-3.25	-2.02
ypr	1.83	-3.25	-2.01
ypr	1.83	-3.25	-2.01
ypr	1.83	-3.25	-2.01
ypr	1.83	-3.25	-2.01
ypr	1.83	-3.25	-2.01
ypr	1.83	-3.25	-2.01
ypr	1.83	-3.25	-2.01
ypr	1.83	-3.25	-2.00
ypr	1.83	-3.25	-2.00
ypr	1.83	-3.25	-2.00
ypr	1.82	-3.25	-2.00
ypr	1.82	-3.25	-2.00
ypr	1.82	-3.25	-2.00
ypr	1.82	-3.25	-2.00
ypr	1.82	-3.26	-2.00
ypr	1.82	-3.26	-2.00
ypr	1.82	-3.26	-2.00
ypr	1.82	-3.26	-1.99
ypr	1.82	-3.26	-1.99
ypr	1.82	-3.26	-1.99
ypr	1.82	-3.26	-1.99
ypr	1.82	-3.26	-1.99
ypr	1.81	-3.26	-1.99
ypr	1.81	-3.26	-1.99
ypr	1.81	-3.26	-1.99
ypr	1.81	-3.26	-1.99
ypr	1.81	-3.26	-1.98
ypr	1.81	-3.26	-1.98
ypr	1.81	-3.26	-1.98
ypr	1.81	-3.25	-1.98
ypr	1.81	-3.25	-1.98
ypr	1.81	-3.25	-1.98
ypr	1.81	-3.25	-1.98
ypr	1.81	-3.25	-1.98
ypr	1.81	-3.25	-1.98
ypr	1.81	-3.25	-1.98
ypr	1.81	-3.25	-1.97
ypr	1.81	-3.25	-1.97
ypr	1.81	-3.25	-1.97
ypr	1.81	-3.25	-1.97
ypr	1.81	-3.24	-1.97
ypr	1.81	-3.24	-1.96
ypr	1.80	-3.25	-1.96
ypr	1.80	-3.25	-1.96
ypr	1.80	-3.25	-1.96
ypr	1.80	-3.25	-1.96
ypr	1.80	-3.25	-1.96
ypr	1.80	-3.25	-1.95
ypr	1.80	-3.25	-1.95
ypr	1.80	-3.25	-1.95
ypr	1.80	-3.ypr	1.80	-3.25	-1.95
ypr	1.80	-3.25	-1.95
ypr	1.80	-3.25	-1.95
9	-3.25	-1.95
ypr	1.79	-3.25	-1.95
ypr	1.79	-3.25	-1.95
ypr	1.79	-3.25	-1.94
ypr	1.79	-3.25	-1.94
ypr	1.79	-3.25	-1.94
ypr	1.79	-3.25	-1.94
ypr	1.79	-3.25ypr	1.79	-3.25	-1.94
ypr	1.79	-3.25	-1.94
ypr	1.79	-3.25	-1.93
ypr	1.79	-3.25	-1.94
ypr	1.79	-3.25	-1.93
ypr	1.79	-3.25	-1.94
ypr	1.79	-3.25	-1.93
ypr	1.79	-3.25	-1.93
ypr	1.79	-3.25	-1.93
ypr	1.79	-3.25	-1.93
ypr	1.79	-3.25	-1.93
ypr	1.79	-3.25	-1.93
ypr	1.78	-3.25	-1.93
ypr	1.78	-3.25	-1.93
ypr	1.78	-3.25	-1.93

ypr	1.78	-3.24	-1.93
ypr	1.78	-3.24	-1.93
ypr	1.24	-1.93
ypr	1.78	-3.24	-1.93
ypr	1.78	-3.24	-1.93
ypr	1.78	-3.24	-1.93
ypr	1.78	-3.24	-1.93
ypr	1.78	-3.24	-1.93
ypr	1.77	-3.24	-1.93
ypr	1.77	-3.24	-1.93
ypr	1.77	-3.24	-1.93
ypr	1.77	-3.24	-1.93
ypr	1.77	-3.24	-1.93
ypr	1.77	-3.24	-1pr	1.77	-3.24	-1.93
ypr	1.77	-3.24	-1.93
ypr	1.77	-3.24	-1.93
ypr	1.77	-3.24	-1.93
ypr	1.77	-3.24	-1.92
ypr	1.77	-3.24	-1.92
ypr	1.77	-3.24	-1.92
ypr	1.77	-3.24	-1.92
ypr	1.77	-3.24	-1.92
ypr	1.77	-3.24	-1.92
ypr	1.77	-3.24	-1.92
ypr	1.77	-3.24	-1.92
ypr	1.77	-3.2ypr	1.77	-3.24	-1.92
ypr	1.77	-3.24	-1.91
ypr	1.77	-3.24	-1.91
ypr	1.77	-3.24	-1.91
ypr	1.77	-3.24	-1.91
ypr	1.76	-3.24	-1.91
ypr	1.76	-3.24	-1.91
ypr	1.76	ypr	1.76	-3.24	-1.91
ypr	1.76	-3.24	-1.91
ypr	1.76	-3.24	-1.911.76	-3.24	-1.91
ypr	1.76	-3.24	-1.91
ypr	1.76	-3.24	-1.91
ypr	1.76	-3.24	-1.91
.76	-3.24	-1.91
ypr	1.76	-3.24	-1.91
ypr	1.75	-3.24	-1.91
ypr	1.75	-3.24	-1.91
ypr	1.75	-3.24	-1.91
ypr	1.75	-3.24	-1.91
ypr	1.75	-3.24	-1.91
ypr	1.75	-3.24	-1.91
ypr	1.75	-3.24	-1.90
.91
ypr	1.75	-3.24	-1.90
ypr	1.75	-3.24	-1.90
ypr	1.75	-3.24	-1.90
ypr	1.75	-3.24	-1.90
ypr	1.75	-3.24	-1.90
ypr	1.75	-3.24	-1.90
ypr	1.75	-3.24	-1.90
ypr	1.75	-3.24	-1.90
ypr	1.75	-3.24	-1.ypr	1.75	-3.24	-1.90
ypr	1.75	-3.24	-1.90
ypr	1.74	-3.24	-1.90
ypr	1.74	-3.24	-1.90
90
ypr	1.74	-3.24	-1.90
ypr	1.74	-3.24	-1.90
ypr	1.74	-3.24	-1.90
ypr	1.74	-3.24	-1.90
ypr	1.74	-3.24	-1.90
ypr	1.74	-3.24	-1.90
ypr	1.74	-3.24	-1.90
ypr	1.74	-3.24	-1.90
-3.24	-1.90
ypr	1.74	-3.24	-1.90
ypr	1.73	-3.24	-1.90
ypr	1.73	-3.24	-1.90
ypr	1.73	-3.24	-1.90
.73	-3.24	-1.90
ypr	1.73	-3.24	-1.90
ypr	1.73	-3.24	-1.90
ypr	1.73	-3.24	-1.90
ypr	1.73	-3.24	-1.90
ypr	1.73	-3.24	-1.90
ypr	1.73	-3.24	-1.90
ypr	1.73	-3.24	-1.90
ypr	1.73	-3.24	-1.90
ypr	1.73	-3.24	-1.90
ypr	1.73	-3.24	-1.90
ypr	1.ypr	1.73	-3.24	-1.90
ypr	1.73	-3.24	-1.90
ypr	1.73	-3.24	-1.90
ypr	1.73	-3.24	-1.90
ypr	1.73	-3.24	-1.90
ypr	1.73	-3.24	-1.90
ypr	1.73	-3.24	-1.90
ypr	1.73	-3.24	-1.90
ypr	1.73	-3.2ypr	1.73	-3.24	-1.90
ypr	1.73	-3.24	-1.90
ypr	1.73	-3.24	-1.90
ypr	1.72	-3.24	-1.90
ypr	1.72	-3.24	-1.90
ypr	1.72	-3.24	-1.90
ypr	1.72	-3.24	-1.90
ypr	1.72	-3.24	-1.90
ypr	1.72	-3.24	-1.90
ypr	1.72	-3.24	-1.90
ypr	1.72	-3.24	-1.90
ypr	1.72	-3.24	-1.90
ypr	1.72	-3.24	-1.90
ypr	1.72	-3.24	-1.90
ypr	1.72	-3.24	-1.90
ypr	1.72	-3.24	-1.90
ypr	1.72	-3.24	-1.90
ypr	1.71	-3.24	-1.90
ypr	1.71	-3.24	-1.90
ypr	1.71	-3.24	-1.90
ypr	1.71	-3.24	-1.90
ypr	1.71	-3.24	-1.90

ypr	1.71	-3.24	-1.90
ypr	1.71	-3.24	-1.90
ypr	1.71	-3.24	-1.90
ypr	1.70	-3.24	-1.90
ypr	1.70	-3.24	-1.90
ypr	1.70	-3.24	-1.90
ypr	1.70	-3.24	-1.90
ypr	1.71	-3.24	-1.89
ypr	1.71	-3.24	-1.89
ypr	1.71	-3.24	-1.89
ypr	1.71	-3.24	-1.89
.89
ypr	1.71	-3.24	-1.89
ypr	1.71	-3.24	-1.89
ypr	1.70	-3.24	-1.89
ypr	1.70	-3.24	-1.89
ypr	1.70	-3.24	-1.89
ypr	1.70	-3.24	-1.90
ypr	1.70	-3.24	-1.89
ypr	1.71	-3.24	-1.89
ypr	1.71	-3.24	-1.89
ypr	1.70	-3.24	-1.89
ypr	1.70	-3.24	-1.89
ypr	1.70	-3.24	-1.89
ypr	1.70	-3.24	-1.90
ypr	1.70	-3.24	-1.90
ypr	1.70	-3.24	-1.90
ypr	1.70	-3.24	-1.90
ypr	1.70	-3.24	-1.90
ypr	1.70	-3.24	-1.90
ypr	1.70	-3.24	-1.90
ypr	1.69	-3.24	-1.90
ypr	1.69	-3.24	-1.90
ypr	1.69	-3.24	-1.90
ypr	1.69	-3.24	-1.89
ypr	1.69	-3.24	-1.89
ypr	1.69	-3.24	-1.89
ypr	1.69	-3.24	-1.89
ypr	1.69	-3.24	-1.89
ypr	1.69	-3.24	-1.89
ypr	1.69	-3.24	-1.89
ypr	1.69	-3.24	-1.89
ypr	1.69	-3.24	-1.89
ypr	1.69	-3.24	-1.89
ypr	1.68	-3.25	-1.89
ypr	1.68	-3.25	-1.89
ypr	1.68	-3.25	-1.89
ypr	1.68	-3.25	-1.89
ypr	1.68	-3.25	-1.89
ypr	1.68	-3.25	-1.89
ypr	1.68	-3.25	-1.89
ypr	1.68	-3.25	-1.89
ypr	1.68	-3.25	-1.89
ypr	1.68	-3.25	-1.89ypr	1.68	-3.25	-1.89
ypr	1.68	-3.25	-1.89
ypr	1.68	-3.25	-1.89
ypr	1.68	-3.25	-1.89
ypr	1.68	-3.25	-1.89
ypr	1.68	-3.25	-1.89
ypr	1.68	-3.25	-1.89
ypr	1.68	-3.25	-1.89
ypr	1.68	-3.25	-1.89
ypr	1.68	-3.25	-1.89
ypr	1.68	-3.25	-1.89
ypr	1.68	-3.25	-1.88
ypypr	1.68	-3.25	-1.88
ypr	1.68	-3.25	-1.88
ypr	1.68	-3.25	-1.88
ypr	1.67	-3.25	-1.88
ypr	1.67	-3.25	-1.88
ypr	1.67	-3.25	-1.88
	1.67	-3.25	-1.88
ypr	1.67	-3.25	-1.88
ypr	1.67	-3.25	-1.88
ypr	1.67	-3.25	-1.88
ypr	1.67	-3.25	-1.88
ypr	1.67	-3.25	-1.87
1.67	-3.25	-1.87
ypr	1.67	-3.25	-1.87
ypr	1.66	-1.87
ypr	1.66	-3.25	-1.87
ypr	1.66	-3.25	-1.87
ypr	1.66	-3.25	-1.87
ypr	1.66	-3.25	-1.87
ypr	1.66	-3.25	-1.87
ypr	1.66	-3.25	-1.87
ypr	1.66	-3.25	-1.87
ypr	1.66	-3.25	-1.87
ypr	1.66	-3.25	-1.87
ypr	1.66	-3.25	-1.87
ypr	1.66	-3.25	-1.87
ypr	1.66	-3.25	-1.87
ypr	1.66	-3.25	-1.87
ypr	1.66	-3.25	-1.87
ypr	1.66	-3.25	-1.87
ypr	1.66	-3.25	-1.87
ypr	1.66	-3.25	-1.87
ypr	1.66	-3.25	-1.87
ypr	1.66	-3.25	-1.87
ypr	1.65	-3.25	-1.87
ypr	1.65	-3.25	-1.87
ypr	1.65	-3.25	-1.87
ypr	1.65	-3.25	-1.87
ypr	1.65	-3.25	-1.87
ypr	1.65	-3.25	-1.87
ypr	1.65	-3.25	-1.87
ypr	1.65	-3.25	-1.87
ypr	1.65	-3.25	-1.87
ypr	1.65	-3.25	-1.87
ypr	1.65	-3.25	-1.87
ypr	1.65	-3.25	-1.87
5	-1.87
ypr	1.65	-3.25	-1.87
ypr	1.65	-3.25	-1.87
ypr	1.65	-3.25	-1.87
ypr	1.65	-3.25	-1.87
ypr	1.65	-3.25	-1.87
ypr	1.65	-3.25	-1.87
ypr	1.64	-3.25	-1.87
ypr	1.64	-3.25	-1.87
ypr	1.64	-3.25	-1.87
ypr	1.64	-3.25	-1.87
ypr	1.64	-3.25	-1.87
ypr	1.64	-3.25	-1.87
ypr	1.64	-3.25	-1.87
ypr	1.64	-3.25	-1.87
ypr	1.64	-3.25	-1.87
ypr	1.64	-3.25	-1.87
ypr	1.64	-3.25	-1.87
ypr	1.64	-3.25	-1.87
ypr	1.64	-3.25	-1.87
ypr	1.64	-3.25	-1.87
ypr	1.64	-3.25	-1.87
ypr	1.64	-3.25	-1.87
ypr	ypr	1.64	-3.25	-1.87
ypr	1.64	-3.25	-1.87
ypr	1.64	-3.25	-1.87
ypr	1.64	-3.25	-1.87
ypr	1.64	-3.25	-1.87
ypr	1.64	-3.25	-1.87
ypr	1.64	-3.25	-1.87
ypr	1.64	-3.25	-1.87
ypr	1.64	-3.25	-1.87
ypr	1.64	-3.25	-1.87
ypr	1.64	-3.25	-1.87
ypr	1.64	-3.25	-1.87
ypr	1.64	-3.25	-1.87
ypr	1.63	-3.25	-1.87
ypr	1.63	-3.25	-1.87
ypr	1.63	-3.25	-1.87
ypr	1.63	-3.25	-1.87
ypr	1.63	-3.25	-1.87
ypr	1.63	-3.25	-1.87
ypr	1.63	-3.25	-1.87
ypr	1.63	-3.25	-1.87
ypr	1.63	-3.25	-1.87
ypr	1.62	-3.25	-1.87
ypr	1.62	-3.25	-1.87
ypr	1.62	-3.25	-1.87
ypr	1.62	-3.25	-1.87
ypr	1.62	-3.25	-1.87
ypr	1.62	-3.25	-1.87
ypr	1.62	-3.25	-1.87
ypr	1.62	-3.25	-1.87
ypr	1.62	-3.25	-1.87
ypr	1.62	-3.25	-1.87
	1.61	-3.25	-1.87
ypr	1.61	-3.25	-1.87
ypr	1.61	-3.25	-1.87
ypr	1.61	-3.25	-1.87
ypr	1.61	-3.25	-1.87
ypr	1.61	-3.25	-1.87
1.61	-3.25	-1.87
ypr	1.61	-3.25	-1.87
ypr	1.61	-3.25	-1.87
ypr	1.61	-3.25	-1.87

ypr	1.61	-3.25	-1.87
ypr	1.61	-3.25	-1.87
ypr	1.61	-3.25	-1.87
ypr	1.61	-3.25	-1.87
ypr	1.61	-3.25	-1.87
ypr	1.61	-3.25	-1.87
ypr	1.61	-3.25	-1.87
ypr	1.61	-3.25	-1.87
ypr	1.61	-3.25	-1.87
ypr	1.61	-3.25	-1.87
.87
ypr	1.61	-3.25	-1.87
ypr	1.61	-3.25	-1.87
ypr	1.61	-3.25	-1.87
ypr	1.61	-3.25	-1.87
ypr	1.61	-3.25	-1.87
ypr	1.61	-3.25	-1.87
ypr	1.60	-3.25	-1.86
ypr	1.60	-3.25	-1.86
ypr	1.60	-3.25	-1.86
ypr	1.60	-3.25	-1.86
ypr	1.60	-3.25	-1.86
ypr	1.60	-3.25	-1.86
ypr	1.60	-3.25	-1.86
ypr	1.60	-3.25	-1.86
ypr	1.60	-3.25	-1.86
ypr	1.60	-3.25	-1.86
ypr	1.60	-3.25	-1.86
ypr	1.59	-3.25	-1.86
ypr	1.59	-3.25	-1.86
ypr	1.59	-3.25	-1.86
ypr	1.59	-3.25	-1.86
ypr	1.59	-3.25	-1.86
ypr	1.59	-3.25	-1.86
ypr	1.59	-3.25	-1.86
ypr	1.59	-3.25	-1.86
ypr	1.59	-3.25	-1.86
ypr	1.59	-3.25	-1.86
ypr	1.59	-3.25	-1.86
ypr	1.59	-3.25	-1.86
ypr	1.59	-3.25	-1.86
ypr	1.59	-3.25	-1.86
-1.86
ypr	1.59	-3.25	-1.86
ypr	1.59	-3.25	-1.86
ypr	1.59	-3.25	-1.86
ypr	1.59	-3.25	-1.86
ypr	1.58	-3.25	-1.86
ypr	1.58	-3.25	-1.86
ypr	1.58	-3.25	-1.86
ypr	1.58	-3.25	-1.86
ypr	1.58	-3.24	-1.86
ypr	1.58	-3.24	-1.86
ypr	1.58	-3.24	-1.86
ypr	1.58	-3.24	-1.86
ypr	1.58	-3.24	-1.86
ypr	1.58	-3.25	-1.86
ypr	1.58	-3.25	-1.86
ypr	1.58	-3.25	-1.86
ypr	1.58	-3.25	-1.86
ypr	1.58	-3.25	-1.86
ypr	1.57	-3.25	-1.86
ypr	1.57	-3.25	-1.86
ypr	1.57	-3.24	-1.86
ypr	1.57	-3.24	-1.86
ypr	1.57	-3.24	-1.86
ypypr	1.57	-3.24	-1.86
ypr	1.57	-3.24	-1.86
ypr	1.57	-3.24	-1.86
ypr	1.57	-3.24	-1.86
ypr	1.57	-3.25	-1.86
ypr	1.57	-3.25	-1.86
ypr	1.57	-3.24	-1.86
ypr	1.57	-3.24	-1.86
ypr	1.57	-3.25	-1.86
ypr	1.57	-3.25	-1.86
ypr	1.57	-3.25	-1.86
ypr	1.57	-3.25	-1.86
ypr	1.57	-3.25	-1.86
ypr	1.57	-3.25	-1.86
ypr	1.57	-3.25	-1.86
ypr	1.57	-3.24	-1.86
ypr	1.56	-3.24	-1.86
ypr	1.56	-3.24	-1.86
ypr	1.56	-3.24	-1.86
ypr	1.56	-3.25	-1.86
ypr	1.56	-3.25	-1.86
ypr	1.56	-3.25	-1.86
ypr	1.56	-3.25	-1.86
ypr	1.56	-3.24	-1.86
ypr	1.56	-3.24	-1.86
ypr	1.56	-3.25	-1.86
ypr	1.56	-3.25	-1.86
ypr	1.56	-3.25	-1.86
ypr	1.56	-3.25	-1.86
ypr	1.56	-3.25	-1.86
ypr	1.55	-3.25	-1.86
ypr	1.55	-3.25	-1.86
ypr	1.55	-3.25	-1.86
ypr	1.55	-3.24	-1.86
ypr	1.55	-3.24	-1.86
ypr	1.55	-3.24	-1.86
ypr	1.55	-3.24	-1.86
ypr	1.55	-3.25	-1.86
ypr	1.55	-3.24	-1.86
ypr	1.55	-3.25	-1.86
ypr	1.55	-3.25	-1.86
ypr	1.54	-3.25	-1.86
ypr	1.54	-3.25	-1.86
ypr	1.54	-3.25	-1.86
ypr	1.55	-3.24	-1.86
ypr	1.55	-3.25	-1.86
ypr	1.54	-3.24	-1.86
ypr	1.54	-3.25	-1.86
ypr	1.54	-3.25	-1.86
ypr	1.54	-3.25	-1.86
ypr	1.54	-3.25	-1.86
ypr	1.54	-3.25	-1.86
ypr	1.54	-3.25	-1.86
ypr	1.54	-3.25	-1.86
ypr	1.54	-3.24	-1.86
ypr	1.54	-3.25	-1.86
yprypr	1.54	-3.24	-1.86
ypr	1.54	-3.24	-1.86
ypr	1.54	-3.24	-1.86
ypr	1.54	-3.25	-1.86
ypr	1.54	-3.25	-1.86
ypr	1.54	-3.25	-1.86
ypr	1.54	-3.25	-1.86
ypr	1.54	-3.25	-1.86
ypr	1.54	-3.25	-1.86
ypr	1.54	-3.25	-1.86
ypr	1.54	-3.25	-1.86
ypr	1.54	-3.25	-1.86
ypr	1.54	-3.25	-1.86
ypr	1.54	-3.25	-1.86
ypr	1.54	-3.25	-1.86
ypr	1.54	-3.25	-1.86
ypr	1.54	-3.25	-1.86
ypr	1.54	-3.24	-1.86
ypr	1.54	-3.24	-1.86
ypr	1.54	-3.24	-1.86
ypr	1.54	-3.24	-1.86
ypr	1.54	-3.24	-1.86
ypr	1.54	-3.25	-1.86
ypr	1.54	-3.25	-1.86
ypr	1.54	-3.25	-1.86
ypr	1.53	-3.25	-1.86
ypr	1.53	-3.25	-1.86
ypr	1.53	-3.24	-1.86
ypr	1.53	-3.24	-1.86
ypr	1.53	-3.24	-1.86
ypr	1.53	-3.25	-1.86
ypr	1.53	-3.25	-1.86
ypr	1.53	-3.25	-1.86
ypr	1.53	-3.24	-1.86
ypr	1.53	-3.25	-1.86
ypr	1.53	-3.25	-1.86
ypr	1.53	-3.25	-1.86
ypr	1.53	-3.24	-1.86
ypr	1.53	-3.24	-1.86
ypr	1.52	-3.24	-1.86
ypr	1.52	-3.24	-1.86
ypr	1.52	-3.24	-1.86
ypr	1.52	-3.25	-1.86
ypr	1.52	-3.25	-1.86
ypr	1.52	-3.25	-1.86
ypr	1.52	-3.24	-1.86
ypr	1.52	-3.24	-1.86
ypr	1.52	-3.24	-1.86
ypr	1.52	-3.24	-1.86
ypr	1.52	-3.24	-1.86
ypr	1.52	-3.24	-1.8ypr	1.52	-3.24	-1.86
ypr	1.52	-3.24	-1.86
ypr	1.52	-3.24	-1.86
ypr	1.52	-3.24	-1.86
ypr	1.52	-3.24	-1.86
ypr	1.52	-3.24	-1.86
ypr	1.52	-3.24	-1.86
ypr	1.52	-3.24	-1.87
ypr	1.52	-3.24	-1.87
ypr	1.52	-3.24	-1.87
ypr	1.52	-3.23	-1.87
ypr	1.52	-3.23	-1.87
ypr	1.52	-3.23	-1.87
ypr	1.52	-3.23	-1.87
3.23	-1.87
ypr	1.52	-3.23	-1.87
ypr	1.52	-3.23	-1.87
ypr	1.52	-3.23	-1.87
ypr	1.52	-3.23	-1.87
ypr	1.52	-3.23	-1.87
ypr	1.52	-3.23	-1.88
ypr	1.52	-3.23	-1.88
ypr	1.52	-3.23	-1.87
ypr	1.52	-3.23	-1.87
ypr	1.52	-3.23	-1.87
ypr	1.52	-3.23	-1.87
ypr	1.52	-3.23	-1.87
ypr	1.52	-3.23	-1.87
ypr	1.52	-3.23	-1.87
ypr	1.52	-3..87
ypr	1.52	-3.22	-1.87
ypr	1.52	-3.22	-1.87
ypr	1.52	-3.22	-1.87
ypr	1.52	-3.22	-1.87
ypr	1.52	-3.22	-1.87
ypr	1.52	-3.22	-1.87
ypr	1.52	-3.22	-1.87
ypr	1.52	-3.22	-1.87
ypr	1.52	-3.22	-1.87
ypr	1.52	-3.22	-1.87
ypr	1.52	-3.22	-1.87
ypr	1.52	-3.22	-1.87
ypr	1.52	-3.22	-1.87
ypr	1.52	-3.22	-1.87
ypr	1.52	-3.22	-1.87
ypr	1.52	-3.22	-1.87
ypr	1.52	-3.22	-1.87
ypr	1.52	-3.22	-1.88
ypr	1.52	-3.22	-1.88
ypr	1.52	-3.22	-1.88
ypr	1.52	-3.22	-1.88
ypr	1.52	-3.22	-1.87
ypr	1.52	-3.22	-1.87
ypr	1.52	-3.22	-1.87
ypr	1.52	-3.22	-1.88
ypr	1.52	-3.22	-1.88
ypr	1.52	-3.21	-1.88
ypr	1.52	-3.21	-1.88
ypr	1.52	-3.22	-1.88
ypr	1.52	-3.22	-1.88
ypr	1.52	-3.22	-1.88
ypr	1.52	-3.21	-1.88
ypr	1.52	-3.21	-1.88
ypr	1.52	-3.21	-1.88
.21	-1.88
ypr	1.52	-3.21	-1.88
ypr	1.52	-3.21	-1.88
ypr	1.52	-3.21	-1.88
ypr	1.52	-3.21	-1.88
ypr	1.52	-3.21	-1.88
ypr	1.52	-3.21	-1.88
ypr	1.52	-3.21	-1.88
ypr	1.52	-3.21	-1.88
ypr	1.52	-3.21	-1.88
ypr	1.52	-3.21	-1.88
ypr	1.52	-3.21	-1.88
ypr	1.52	-3.21	-1.88
ypr	1.52	-3.21	-1.88
ypr	1.52	-3.21	-1.88
ypr	1.52	-3.21	-1.88
ypr	1.52	-3.21	-1.88
ypr	1.52	-3.21	-1.88
ypr	1.52	-3.21	-1.89
ypr	1.52	-3.21	-1.88
ypr	1.52	-3.21	-1.88
ypr	1.52	-3.21	-1.89
ypr	1.52	-3.21	-1.89
ypr	1.52	-3.21	-1.89
	-1.89
ypr	1.52	-3.21	-1.89
ypr	1.52	-3.21	-1.89
ypr	1.52	-3.21	-1.89
ypr	1.52	-3.21	-1.89
ypr	1.52	-3.21	-1.89
ypr	1.52	-3.21	-1.89
ypr	1.52	-3.21	-1.89
ypr	1.52	-3.21	-1.89
ypr	1.52	-3.21	-1.89
ypr	1.52	-3.21	-1.89
ypr	1.52	-3.21	-1.89
ypr	1.52	-3.21	-1.89
ypr	1.52	-3.21	-1.88
ypr	1.52	-3.21	-1.88
ypr	1.52	-3.21	-1.89
ypr	1.52	-3.20	-1.88
ypr	1.52	-3.20	-1.88
ypr	1.52	-3.20	-1.89
ypr	1.52	-3.20	-1.89
ypr	1.52	-3.20	-1.89
ypr	1.52	-3.20	-1.88
ypr	1.52	-3.20	-1.88
ypr	1.52	-3.20	-1.89
ypr	1.52	-3.20	-1.89
ypr	1.ypr	1.52	-3.19	-1.89
ypr	1.52	-3.19	-1.89
ypr	1.52	-3.19	-1.89
ypr	1.52	-3.19	-1.89
ypr	1.52	-3.19	-1.89
ypr	1.52	-3.19	-1.89
ypr	1.52	-3.19	-1.89
ypr	1.52	-3.19	-1.89
ypr	1.52	-3.19	-1.89
ypr	1.52	-3.19	-1.89
ypr	1.52	-3.19	-1.89
ypr	1.52	-3.19	-1.89
ypr	1.52	-3.19	-1.89
ypr	1.52	-3.18	-1.90
ypr	1.52	-3.18	-1.90
ypr	1.52	-3.18	-1.90
ypr	1.52	-3.18	-1.90
ypr	1.52	-3.18	-1.90
ypr	1.52	-3.18	-1.90
ypr	1.52	-3.18	-1.90
ypr	1.52	-3.18	-1.90
ypr	1.52	-3.18	-1.90
ypr	1.52	-3.18	-1.90
ypr	1.52	-3.18	-1.90
ypr	1.52	-3.18	-1.90
ypr	1.52	-3.19	-1.90
ypr	1.52	-3.19	-1.90
ypr	1.52	-3.18	-1.90
ypr	1.52	-3.19	-1.90
ypr	1.52	-3.19	-1.90
ypr	1.52	-3.19	-1.90
ypr	1.52	-3.19	-1.90
ypr	1.52	-3.19	-1.90
ypr	1.52	-3.19	-1.90
ypr	1.52	-3.19	-1.90
ypr	1.52	-3.19	-1.90
ypr	1.52	-3.19	-1.90
ypr	1.52	-3.19	-1.90
ypr	1.52	-3.19	-1.90
ypr	1.52	-3.19	-1.90
ypr	1.52	-3.19	-1.90
ypr	1.52	-3.19	-1.90
ypr	1.52	-3.19	-1.90
ypr	1.52	-3.19	-1.90
ypr	1.52	-3.19	-1.90
ypr	1.52	-3.19	-1.90
ypr	1.52	-3.19	-1.90
ypr	1.52	-3.19	-1.90
ypr	1.52	-3.19	-1.90
ypr	1.52	-3.19	-1.90
ypr	1.52	-3.19	-1.90
ypr	1.52	-3.19	-1.90
ypr	1.52	-3.19	-1.90
ypr	1.52	-3.19	-1.90
ypr	1.52	-3.19	-1.90
ypr	1.52	-3.19	-1.90
ypr	1.52	-3.19	-1.90
ypr	1.52	-3.19	-1.90
ypr	1.52	-3.19	-1.90
ypr	1.52	-3.19	-1.90
ypr	1.52	-3.19	-1.90
	-3.19	-1.90
ypr	1.52	-3.19	-1.90
ypr	1.52	-3.1ypr	1.52	-3.19	-1.90
ypr	1.52	-3.18	-1.90
ypr	1.52	-3.18	-1.90
ypr	1.52	-3.18	-1.90
ypr	1.52	-3.19	-1.90
ypr	1.52	-3.18	-1.90
ypr	1.52	-3.18	-1.90
ypr	1.52	-3.18	-1.90
ypr	1.52	-3.18	-1.90
ypr	1.52	-3.18	-1.90
ypr	1.52	-3.18	-1.90
ypr	1.52	-3.19	-1.90
ypr	1.52	-3.19	-1.90
ypr	1.52	-3.19	-1.90
ypr	1.52	-3.19	-1.90
ypr	1.52	-3.19	-1.90
ypr	1.52	-3.19	-1.90
ypr	1.52	-3.19	-1.90
ypr	1.52	-3.19	-1.90
ypr	1.52	-3.19	-1.90
ypr	1.52	-3.19	-1.90
ypr	1.52	-3.19	-1.90
ypr	1.52	-3.19	-1.90
ypr	1.52	-3.19	-1.90
ypr	1.52	-3.19	-1.90
ypr	1.52	-3ypr	1.52	-3.19	-1.90
ypr	1.52	-3.19	-1.90
ypr	1.52	-3.19	-1.90
ypr	1.52	-3.19	-1.90
ypr	1.52	-3.19	-1.90
ypr	1.52	-3.19	-1.90
ypr	1.52	-3.19	-1.90
ypr	1.52	-3.19	-1.90
ypr	1.52	-3.19	-1.90
ypr	1.52	-3.19	-1.90
ypr	1.52	-3.19	-1.90
ypr	1.52	-3.19	-1.90
ypr	1.52	-3.19	-1.90
ypr	1.52	-3.19	-1.90
ypr	1.52	-3.19	-1.90
ypr	1.52	-3.19	-1.90
ypr	1.51	-3.19	-1.90
ypr	1.52	-3.19	-1.90
ypr	1.52	-3.19	-1.90
ypr	1.52	-3.19	-1.90
ypr	1.52	-3.19	-1.90
ypr	1.52	-3.19	-1.90
ypr	1.52	-3.20	-1.90
ypr	1.52	-3.20	-1.90
ypr	1.52	-3.20	-1.90
ypr	1.52	-3.20	-1.90
ypr	1.52	-3.19	-1.90
ypr	1.52	-3.20	-1.90
ypr	1.52	-3.20	-1.90
ypr	1.52	-3.20	-1.90
ypr	1.52	-3.20	-1.90
ypr	1.52	-3.20	-1.90
ypr	1.52	-3.20	-1.90
ypr	1.52	-3.20	-1.90
ypr	1.52	-3.20	-1.90
ypr	1.52	-3.20	-1.90
ypr	1.52	-3.20	-1.90
ypr	1.52	-3.20	-1.90
ypr	1.52	-3.20	-1.90
ypr	1.52	-3.20	-1.90
ypr	1.52	-3.20	-1.90
ypr	1.52	-3.20	-1.90
ypr	1.52	-3.20	-1.90
ypr	1.52	-3.20	-1.90
ypr	1.52	-3.20	-1.90
ypr	1.52	-3.20	-1.91
ypr	1.52	-3.20	-1.90
52	-3.20	-1.90
ypr	1.52	-3.20	-1.90
ypr	1.52	-3.20	-1.90
ypr	1.52	-3.20	-1.90
ypr	1.52	-3.20	-1.90
ypr	1.52	-3.20	-1.90
ypr	1.52	-3.20	-1.90
ypr	1.52	-3.19	-1.90
ypr	1.52	-3.19	-1.90
ypr	1.52	-3.20	-1.90
ypr	1.52	-3.20	-1.90
ypr	1.52	-3.20	-1.90
ypr	1.52	-3.20	-1.90
ypr	1.52	-3.20	-1.90
ypr	1.52	-3.2ypr	1.52	-3.20	-1.90
ypr	1.52	-3.20	-1.90
ypr	1.52	-3.20	-1.90
ypr	1.52	-3.20	-1.90
ypr	1.52	-3.20	-1.90
ypr	1.52	-3.20	-1.90
ypr	1.52	-3.20	-1.90
ypr	1.52	-3.20	-1.90
ypr	1.52	-3.20	-1.90
ypr	1.52	-3.20	-1.90
ypr	1.52	-3.20	-1.90
ypr	1.52	-3.20	-1.90
ypr	1.52	-3.21	-1.90
ypr	1.52	ypr	1.52	-3.20	-1.90
ypr	1.52	-3.20	-1.90
ypr	1.52	-3.20	-1.90
ypr	1.52	-3.20	-1.90
ypr	1.52	-3.20	-1.90
ypr	1.52	-3.20	-1.90
ypr	1.52	-3.20	-1.90
ypr	1.52	-3.20	-1.90
ypr	1.52	-3.20	-1.90
ypr	1.52	-3.20	-1.90
ypr	1.52	-3.20	-1.90
ypr	1.52	-3.20	-1.90
ypr	1.52	-3.20	-1.90
ypr	1.52	-3.20	-1.90
ypr	1.52	-3.20	-1.90
ypr	1.52	-3.20	-1.91
ypr	1.52	-3.20	-1.91
ypr	1.52	-3.20	-1.91
ypr	1.52	-3.20	-1.91
ypr	1.52	-3.20	-1.91
ypr	1.52	-3.20	-1.91
ypr	1.52	-3.20	-1.91
ypr	1.52	-3.20	-1.91
ypr	1.52	-3.20	-1.91
ypr	1.52	-3.20	-1.91
ypr	1.ypr	1.52	-3.20	-1.91
ypr	1.52	-3.20	-1.ypr	1.52	-3.20	-1.91
ypr	1.52	-3.19	-1.91
ypr	1.52	-3.19	-1.91
ypr	1.52	-3.19	-1.91
ypr	1.52	-3.19	-1.91
ypr	1.52	-3.19	-1.91
ypr	1.52	-3.19	-1.91
ypr	1.52	-3.19	-1.91
ypr	1.52	-3.19	-1.90
ypr	1.52	-3.19	-1.90
ypr	1.52	-3.19	-1.90
ypr	1.52	-3.19	-1.90
ypr	1.52	-3.19	-1.90
ypr	1.52	-3.19ypr	1.52	-3.20	-1.90
ypr	1.52	-3.20	-1.90
ypr	1.52	-3.19	-1.90
ypr	1.52	-3.19	-1.91
ypr	1.52	-3.19	-1.91
ypr	1.52	-3.19	-1.91
ypr	1.52	-3.19	-1.91
ypr	1.52	-3.19	-1.91
ypr	1.52	-3.19	-1.91
ypr	1.52	-3.19	-1.91
ypr	1.52	-3.19	-1.91
ypr	1.52	-3.19	-1.91
ypr	1.52	-3.19	-1.90
ypr	1.52	-3.19	-1.90
ypr	1.52	-3.19	-1.90
ypr	1.52	-3.19	-1.90
ypr	1.52	-3.19	-1.90
ypr	1ypr	1.52	-3.19	-1.91
ypr	1.52	-3.19	-1.91
pr	1.52	-3.19	-1.90
ypr	1.52	-3.19	-1.90
ypr	1.52	-3.19	-1.90
ypr	1.52	-3.19	-1.90
ypr	1.52	-3.19	-1.90
ypr	1.52	-3.19	-1.90
ypr	1.52	-3.19	-1.90
ypr	1.52	-3.19	-1.90
ypr	1.52	-3.19	-1.90
ypr	1.52	-3.19	-1.90
ypr	1.52	-3.19	-1.90
ypr	1.52	-3.19	-1.90
ypr	1.52	-3.19	-1.90
ypr	1.52	-3.19	-1.90
ypr	1.52	-3.19	-1.90
ypr	1.52	-3.19	-1.90
ypr	1.52	-3.19	-1.90
ypr	1.52	-3.19	-1.90
ypr	1.52	-3.19	-1.90
ypr	1.52	-3.19	-1.90
ypr	1.52	-3.19	-1.90
ypr	1.52	-3.19	-1.90
ypr	1.52	-3.19	-1.90
ypr	1.52	-3.19	-1.90
ypr	1.52	-3.19	-1.90
ypr	1.52	-3.20	-1.90
ypr	1.52	-3.20	-1.90
ypr	1.52	-3.20	-1.90
ypr	1.52	-3.20	-1.90
ypr	1.52	-3.20	-1.90
ypr	1.52	-3.19	-1.90
ypr	1.52	-3.19	-1.90
ypr	1.52	-3.19	-1.90
ypr	1.52	-3.19	-1.90

ypr	1.52	-3.19	-1.90
ypr	1.52	-3.19	-1.90
ypr	1.52	-3.19	-1.90
ypr	1.52	-3.19	-1.90
ypr	1.52	-3.19	-1.90
ypr	1.52	-3.19	-1.90
ypr	1.52	-3.19	-1.90
ypr	1.52	-3.19	-1.90
ypr	1.52	-3.19	-1.90
ypr	1.52	-3.19	-1.90
ypr	1.52	-3.19	-1.90
ypr	1.52	-3.19	-1.90
ypr	1.52	-3.19	-1.90
ypr	1.52	-3.19	-1.90
ypr	1.52	-3.19	-1.90
ypr	1.52	-3.19	-1.90
ypr	1.52	-3.19	-1.90
ypr	1.52	-3.19	-1.90
ypr	1.52	-3.19	-1.90
ypr	1.52	-3.20	-1.90
ypr	1.52	-3.20	-1.90
ypr	1.52	-3.20	-1.90
ypr	1.52	-3.20	-1.90
ypr	1.52	-3.19	-1.90
ypr	1.52	-3.19	-1.90
ypr	1.52	-3.19	-1.90
ypr	1.52	-3.19	-1.90
ypr	1.52	-3.19	-1.90
ypr	1.52	-3.19	-1.90
ypr	1.52	-3.19	-1.90
ypr	1.52	-3.19	-1.90
ypr	1.52	-3.19	-1.90
ypr	1.52	-3.20	-1.90
ypr	1.52	-3.20	-1.90
ypr	1.52	-3.19	-1.90
ypr	1.52	ypr	1.52	-3.19	-1.90
ypr	1.52	-3.19	-1.90
ypr	1.52	-3.19	-1.90
ypr	1.52	-3.19	-1.90
ypr	1.52	-3.19	-1.90
ypr	1.52	-3.19	-1.90
ypr	1.52	-3.19	-1.90
ypr	1.52	-3.19	-1.90
ypr	1.52	-3.19	-1.90
ypr	1.52	-3.20	-1.90
ypr	1.52	-3.20	-1.90

ypr	1.52	-3.20	-1.90
ypr	1.52	-3.20	-1.90
ypr	1.52	-3.20	-1.90
ypr	1.52	-3.20	-1.90
ypr	1.52	-3.20	-1.90
ypr	1.52	-3.20	-1.90
ypr	1.52	-3.20	-1.90
ypr	1.52	-3.20	-1.90
ypr	1.52	-3.20	-1.90
ypr	1.52	-3.20	-1.90
ypr	1.52	-3.20	-1.90
ypr	1.52	-3.20	-1.90
ypr	1.52	-3.20	-1.90
ypr	1.52	-3.20	-1.90
ypr	1.52	-3.20	-1.90
ypr	1.52	-3.20	-1.90
ypr	1.52	-3.20	-1.90
ypr	1.52	-3.20	-1.90
52	-3.20	-1.90
ypr	1.52	-3.20	-1.90
ypr	1.52	-3.ypr	1.52	-3.20	-1.91
ypr	1.52	-3.20	-1.91
ypr	1.52	-3.20	-1.91
ypr	1.52	-3.20	-1.91
ypr	1.52	-3.20	-1.91
ypr	1.52	-3.20	-1.91
ypr	1.52	-3.20	-1.91
ypr	1.52	-3.20	-1.90
ypr	1.52	-3.20	-1.90
ypr	1.52	-3.20	-1.90
ypr	1.52	-3.20	-1.90
ypr	1.52	-3.20	-1.91
ypr	1.52	-3.19	-1.91
ypr	1.52	-3.19	-1.91
ypr	1.52	-3.19	-1.92
ypr	1.52	-3.19	-1.92
ypr	1.51	-3.19	-1.92
ypr	1.51	-3.19	-1.92
ypr	1.51	-3.19	-1.92
ypr	1.51	-3.19	-1.91
ypr	1.51	-3.20	-1.91
ypr	1.51	-3.21	-1.90
ypr	1.51	-3.21	-1.90
ypr	1.51	-3.21	-1.90
ypr	1.52	-3.21	-1.90
ypr	1.52	-3.21	-1.90
ypr	1.52	-3.21	-1.90
ypr	1.52	-3.20	-1.90
ypr	1.52	-3.19	-1.90
ypr	1.51	-3.19	-1.90
ypr	1.51	-3.19	-1.90
ypr	1.51	-3.19	-1.90
ypr	1.51	-3.19	-1.90
ypr	1.51	-3.19	-1.90
ypr	1.51	-3.19	-1.90
3.20	-1.90
ypr	1.52	-3.20	-1.90
ypr	1.52	-3.20	-1.91
ypr	1.52	-3.19	-1.91
ypr	1.52	-3.19	-1.91
ypr	1.52	-3.19	-1.91
ypr	1.52	-3.19	-1.91
ypr	1.51	-3.19	-1.90
ypr	1.51	-3.19	-1.90
ypr	1.51	-3.19	-1.90
ypr	1.51	-3.19	-1.90
ypr	1.51	-3.19	-1.90
ypr	1.51	-3.19	-1.90
ypr	1.51	-3.19	-1.90
ypr	1.51	-3.19	-1.90
ypr	1.51	-3.19	-1.90
ypr	1.51	-3.19	-1.90
ypr	1.51	-3.19	-1.90
ypr	1.51	-3.19	-1.90
1	-3.20	-1.90
ypr	1.51	-3.20	-1.90
ypr	1.51	-3.20	-1.90
ypr	1.51	-3.20	-1.91
ypr	1.51	-3.20	-1.91
ypr	1.51	-3.20	-1.91
ypr	1.51	-3.20	-1.91
ypr	1.51	-3.20	-1.91
ypr	1.51	-3.20	-1.91
ypr	1.51	-3.20	-1.91
ypr	1.51	-3.20	-1.91
ypr	1.51	-3.20	-1.90
-3.20	-1.91
ypr	1.51	-3.20	-1.91
ypr	1.51	-3.20	-1.91
ypr	1.51	-3.20	-1.91
ypr	1.51	-3.21	-1.91
ypr	1.51	-3.21	-1.91
ypr	1.51	-3.20	-1.91
ypr	1.51	-3.20	-1.91
ypr	1.51	-3.20	-1.91
ypr	1.51	-3.20	-1.91
ypr	1.51	-3.20	-1.91
ypr	1.51	-3.20	-1.91
ypr	1.51	-3.20	-1.91
ypr	1.51	-3.20	-1.91
ypr	1.51	-3.20	-1.91
ypr	1.51	-3.20	-1.91
ypr	1.51	-3.20	-1.91
ypr	1.51	-3.20	-1.91
ypr	1.51	-3.21	-1.91
ypr	1.51	-3.20	-1.91
ypr	1.51	-3.20	-1.91
ypr	1.51	-3.20	-1.91
ypr	1.51	-3.20	-1.91
ypr	1.51	-3.20	-1.91
ypr	1.51	-3.20	-1.91
ypr	1.51	-3.20	-1.91
ypr	1.51	-3.20	-1.91
y1	-3.20	-1.91
ypr	1.51	-3.20	-1.91
ypr	1.51	-3.ypr	1.51	-3.20	-1.91
ypr	1.51	-3.20	-1.92
ypr	1.51	-3.20	-1.92
ypr	1.51	-3.19	-1.91
ypr	1.51	-3.19	-1.91
ypr	1.51	-3.19	-1.91
ypr	1.51	-3.19	-1.91
ypr	1.51	-3.19	-1.91
ypr	1.51	-3.19	-1.91
ypr	1.51	-3.19	-1.91
ypr	1.51	-3.19	-1.91
ypr	1.51	-3.19	-1.91
	-3.20	-1.91
ypr	1.52	-3.20	-1.91
ypr	1.52	-3.20	-1.91
ypr	1.52	-3.20	-1.91
ypr	1.52	-3.19	-1.92
ypr	1.52	-3.19	-1.92
ypr	1.52	-3.19	-1.92
ypr	1.51	-3.19	-1.92
ypr	1.51	-3.19	-1.92
ypr	1.51	-3.19	-1.92
ypr	1.51	-3.19	-1.92

ypr	1.51	-3.20	-1.91
ypr	1.51	-3.21	-1.91
ypr	1.52	-3.20	-1.91
ypr	1.52	-3.19	-1.91
ypr	1.52	-3.19	-1.92
ypr	1.52	-3.19	-1.92
ypr	1.51	-3.19	-1.92
ypr	1.51	-3.19	-1.91
ypr	1.51	-3.19	-1.90
ypr	1.51	-3.20	-1.90
ypr	1.51	-3.20	-1.90
ypr	1.51	-3.20	-1.91
ypr	1.51	-3.20	-1.91
ypr	1.51	-3.19	-1.91
ypr	1.51	-3.19	-1.91
ypr	1.51	-3.19	-1.91
ypr	1.51	-3.19	-1.91
ypr	1.51	-3.19	-1.90
ypr	1.51	-3.20	-1.90
ypr	1.51	-3.20	-1.90
ypr	1.51	-3.20	-1.90
ypr	1.519	-1.92
ypr	1.51	-3.19	-1.92
ypr	1.51	-3.19	-1.ypr	1.51	-3.20	-1.91
ypr	1.51	-3.20	-1.91
ypr	1.51	-3.20	-1.91
ypr	1.51	-3.20	-1.90
ypr	1.51	-3.20	-1.90
ypr	1.51	-3.19	-1.90
ypr	1.51	-3.19	-1.90
ypr	1.51	-3.19	-1.91
ypr	1.51	-3.19	-1.91
ypr	1.51	-3.19	-1.91
ypr	1.51	-3.20	-1.91
ypr	1.51	-3.20	-1.91
ypr	1.51	-3.20	-1.90
ypr	1.51	-3.21	-1.90
ypr	1.51	-3.21	-1.90
ypr	1.51	-3.21	-1.90
ypr	1.51	-3.20	-1.90
ypr	1.51	-3.20	-1.91
ypr	1.51	-3.19	-1.91
ypr	1.51	-3.19	-1.91
ypr	1.51	-3.19	-1.91
ypr	1.51	-3.20	-1.91
ypr	1.51	-3.20	-1.90
ypr	1.51	-3.20	-1.90
ypr	1.51	-3.20	-1.90
ypr	1.51	-3.20	-1.90
ypr	1.51	-3.20	-1.90
ypr	1.51	-3.20	-1.90
ypr	1.51	-3.20	-1.90
ypr	1.51	-3.20	-1.90
ypr	1.51	-3.19	-1.90
ypr	1.51	-3.19	-1.90
ypr	1.51	-3.19	-1.90
ypr	1.51	-3.19	-1.90
ypr	1.51	-3.19	-1.90
ypr	1.50	-3.20	-1.90
ypr	1.51	-3.20	-1.90
ypr	1.51	-3.20	-1.90
ypr	1.51	-3.20	-1.90
ypr	1.51	-3.20	-1.90
ypr	1.51	-3.20	-1.90
ypr	1.50	-3.19	-1.91
ypr	1.50	-3.19	-1.90
ypr	1.50	-3.19	-1.90
ypr	1.50	-3.19	-1.90
ypr	1.50	-3.20	-1.90
ypr	1.50	-3.20	-1.90
ypr	1.50	-3.20	-1.90
ypr	1.50	-3.20	-1.90
ypr	1.50	-3.20	-1.90
ypr	1.50	-3.20	-1.90
ypr	1.50	-3.20	-1.90
	-3.20	-1.91
ypr	1.50	-3.20	-1.91
ypr	1.51	-3.20	-1.90
ypr	1.51	-3.20	-1.90
ypr	1.51	-3.20	-1.90
ypr	1.51	-3.20	-1.90
ypr	1.51	-3.20	-1.90
ypr	1.51	-3.20	-1.90
ypr	1.51	-3.20	-1.90
ypr	1.51	-3.20	-1.90
ypr	1.51	-3.20	-1.90
ypr	1.51	-3.20	-1.91
ypr	1.51	-3.20	-1.91
ypr	1.51	-3.20	-1.91
ypr	1.51	-3.20	-1.91
ypr	1.51	-3.20	-1.91
ypr	1.51	-3.20	-1.91
ypr	1.51	-3.20	-1.91
ypr	1.51	-3.20	-1.91
ypr	1.51	-3.20	-1.91
ypr	1.51	-3.20	-1.91
ypr	1.51	-3.20	-1.91
ypr	1.51	-3.20	-1.91
ypr	1.51	-3.20	-1.91
ypr	1.51	-3.20	-1.91
ypr	1.51	-3.20	-1.91
ypr	1.51	-3.20	-1.91
ypr	1.51	-3.20	-1.91
ypr	1.51	-3.20	-1.91
ypr	1.51	-3.20	-1.90
ypr	1.51	-3.20	-1.90
ypr	1.51	-3.20	-1.90
ypr	1.50	-3.20	-1.90
ypr	1.50	-3.20	-1.91
ypr	1.50	-3.20	-1.91
ypr	1.50	-3.21	-1.91
ypr	1.50	-3.21	-1.91
ypr	1.50	-3.21	-1.91
ypr	1.ypr	1.50	-3.21	-1.91
ypr	1.51	-3.21	-1.91
ypr	1.51	-3.21	-1.91
ypr	1.51	-3.21	-1.91
ypr	1.51	-3.21	-1.91
ypr	1.51	-3.21	-1.91
ypr	1.51	-3.21	-1.91
ypr	1.51	-3.21	-1.91
ypr	1.51	-3.21	-1.91
ypr	1.51	-3.21	-1.91
ypr	1.51	-3.21	-1.91
ypr	1.51	-3.21	-1.91
ypr	1.51	-3.21	-1.91
	1.51	-3.21	-1.91
ypr	1.51	-3.20	-1.91
ypr	1.51ypr	1.51	-3.20	-1.91
ypr	1.51	-3.20	-1.91
ypr	1.51	-3.20	-1.91
ypr	1.51	-3.20	-1.91
ypr	1.51	-3.20	-1.91
ypr	1.51	-3.20	-1.91
ypr	1.51	-3.20	-1.91
ypr	1.51	-3.20	-1.91
ypr	1.51	-3.20	-1.91
ypr	1.51	-3.20	-1.91
ypr	1.51	-3.20	-1.91
ypr	1.51	-3.20	-1.92
ypr	1.51	-3.20	-1.92
ypr	1.51	-3.20	-1.92
ypr	1.51	-3.20	-1.91
ypr	1.51	-3.20	-1.92
ypr	1.51	-3.20	-1.92
ypr	1.50	-3.20	-1.92
ypr	1.50	-3.20	-1.92
ypr	1.50	-3.20	-1.92
ypr	1.51	-3.20	-1.91
ypr	1.51	-3.20	-1.92
ypr	1.51	-3.20	-1.92
ypr	1.51	-3.20	-1.92
ypr	1.51	-3.20	-1.91
91
ypr	1.51	-3.20	-1.91
ypr	1.51	-3.20	-1.92
yp	-3.20	-1.92
ypr	1.51	-3.20	-1.92
ypr	1.52	-3.20	-1.92
ypr	1.52	-3.20	-1.92
ypr	1.52	-3.20	-1.92
ypr	1.52	-3.20	-1.92
ypr	1.52	-3.19	-1.92
ypr	1.51	-3.19	-1.92
ypr	1.51	-3.19	-1.92
ypr	1.51	-3.20	-1.92
ypr	1.52	-3.20	-1.92
ypr	1.52	-3.20	-1.92
ypr	1.52	-3.20	-1.92
ypr	1.52	-3.20	-1.92
ypr	1.51	-3.20	-1.92
ypr	1.51	-3.20	-1.92
ypr	1.51	-3.20	-1.92
ypr	1.51	-3.20	-1.92
ypr	1.51	-3.20	-1.92
ypr	1.51	-3.19	-1.92
ypr	1.51	-3.19	-1.92
ypr	1.51	-3.19	-1.91
1.91
ypr	1.51	-3.19	-1.91
ypr	1.51	-3.19	-1.91
ypr	1.51	-3.19	-1.91
ypr	1.51	-3.19	-1.92
ypr	1.51	-3.19	-1.92
ypr	1.51	-3.19	-1.92
ypr	1.51	-3.19	-1.92
ypr	1.52	-3.19	-1.92
ypr	1.52	-3.19	-1.92
ypr	1.52	-3.19	-1.92
ypr	1.52	-3.19	-1.92
ypr	1.52	-3.19	-1.92
ypr	1.52	-3.20	-1.92
ypr	1.52	-3.20	-1.92
ypr	1.52	-3.20	-1.91
ypr	1.52	-3.20	-1.91
ypr	1.592
ypr	1.52	-3.18	-1.92
ypr	1.52	-3.18	-1.92
ypr	1.51	-3.18	-1.92
ypr	1.51	-3.18	-1.92
ypr	1.51	-3.18	-1.92
ypr	1.51	-3.19	-1.92
ypr	1.51	-3.19	-1.92
ypr	1.51	-3.19	-1.92
ypr	1.51	-3.19	-1.92
yprypr	1.51	-3.19	-1.92
ypr	1.51	-3.19	-1.92
ypr	1.51	-3.19	-1.92
ypr	1.51	-3.19ypr	1.51	-3.19	-1.92
1.51	-3.19	-1.92
ypr	1.51	-3.19	-1.92
ypr	1.51	-3.18	-1.92
ypr	1.51	-3.19	-1.92
ypr	1.51	-3.19	-1.92
ypr	1.51	-3.19	-1.92
ypr	1.51	-3.19	-1.92
ypr	1.52	-3.19	-1.92
ypr	1.52	-3.19	-1.92
ypr	1.52	-3.19	-1.92
ypr	1.52	-3.19	-1.92
ypr	1.52	-3.18	-1.92
ypr	1.52	-3.18	-1.92
ypr	1.52	-3.18	-1.92
ypr	1.52	-3.18	-1.92
ypr	1.52	-3.18	-1.92
ypr	1.52	-3.18	-1.92
ypr	1.51	-3.18	-1.92
ypr	1.51	-3.18	-1.92
ypr	1.52	-3.18	-1.92
ypr	1.52	-3.18	-1.92
ypr	1.51	-3.18	-1.92
ypr	1.51	-3.18	-1.92
ypr	1.51	-3.18	-1.92
ypr	1.51	-3.18	-1.92
ypr	1.51	-3.18	-1.92
ypr	1.51	-3.18	-1.92
ypr	1.51	-3.18	-1.92
ypr	1.50	-3.18	-1.92
ypr	1.50	-3.19	-1.92
ypr	1.51	-3.19	-1.92
ypr	1.51	-3.19	-1.92
ypr	1.51	-3.19	-1.92
ypr	1.51	-3.19	-1.92
ypr	1.51	-3.19	-1.92
ypr	1.50	-3.18	-1.92
ypr	1.50	-3.19	-1.92
ypr	1.50	-3.19	-1.92
ypr	1.50	-3.19	-1.92
ypr	1.50	-3.19	-1.92
-3.20	-1.92
ypr	1.51	-3.19	-1.92
ypr	1.51	-3.19	-1.92
ypr	1.51	-3.19	-1.92
ypr	1.51	-3.19	-1.92
ypr	1.51	-3.19	-1.92
ypr	1.51	-3.19	-1.92
ypr	1.51	-3.19	-1.92
ypr	1.51	-3.19	-1.92
ypr	1.51	-3.19	-1.92
ypr	1.51	-3.19	-1.92
ypr	1.51	-3.19	-1.92
ypr	1.51	-3.19	-1.92
ypr	1.51	-3.19	-1.92
ypr	1.52	-3.19	-1.92
ypr	1.51	-3.19	-1.92
ypr	1.51	-3.19	-1.92
ypr	1.51	-3.19	-1.92
ypr	1.51	-3.19	-1.92
ypr	1.51	-3.19	-1.92
ypr	1.51	-3.19	-1.92
ypr	1.51	-3.19	-1.92
ypr	1.51	-3.19	-1.92
ypr	1.51	-3.19	-1.92
ypr	1.51	-3.19	-1.92
ypr	1.51	-3.19	-1.92
ypr	1.51	-3.19	-1.92
ypr	1.51	-3.19	-1.92
ypr	1.51	-3.19	-1.92
ypr	1.51	-3.19	-1pr	1.51	-3.19	-1.92
ypr	1.51	-3.19	-1.92
ypr	1.51	-3.19	-1.92
ypr	1.51	-3.19	-1.92
ypr	1.51	-3.19	-1.92
.92
ypr	1.51	-3.19	-1.92
ypr	1.51	-3.20	-1.92
ypr	1.51	-3.20	-1.92
ypr	1.51	-3.20	-1.92
ypr	1.51	-3.20	-1.92
ypr	1.51	-3.20	-1.92
ypr	1.51	-3.20	-1.92
ypr	1.51	-3.20	-1.92
	1.51	-3.20	-1.92
ypr	1.51	-3.19	-1.92
ypr	1.51	-3.19	-1.92
ypr	1.51	-3.19	-1.92
ypr	1.51	-3.19	-1.92
ypr	1.51	-3.19	-1.92
ypr	1.51	-3.19	-1.92
ypr	1.51	-3.19	-1.92
ypr	1.51	-3.19	-1.92
ypr	1.51	ypr	1.51	-3.19	-1.92
ypr	1.51	-3.19	-1.92
ypr	1.51	-3.19	-1.92
1.51	-3.19	-1.92
ypr	1.51	-3.19	-1.92
ypr	1.51	-3.19	-1.92
ypr	1.51	-3.19	-1.92
ypr	1.51	-3.19	-1.92
ypr	1.51	-3.18	-1.92
ypr	1.51	-3.19	-1.92
ypr	1.51	-3.19	-1.92
ypr	1.51	-3.19	-1.92
ypr	1.51	-3.19	-1.92
ypr	1.51	-3.19	-1.92
ypr	1.51	-3.19	-1.92
ypr	1..19	-1.92
ypr	1.51	-3.19	-1.92
ypr	1.51	-3.19	-1.92
ypr	1.51	-3.19	-1.92
ypr	1.51	-3.18	-1.92
yypr	1.51	-3.18	-1.92
ypr	1.51	-3.19	-1.92
ypr	1.51	-3.19	-1.92
ypr	1.51	-3.19	-1.92
ypr	1.51	-3.19	-1.92
ypr	1.51	-3.19	-1.92
ypr	1.51	-3.19	-1.92
ypr	1.51	-3.19	-1.92
ypr	1.51	-3.19	-1.92
1	-3.19	-1.92
ypr	1.51	-3.19	-1.92
ypr	1.51	-3.19	-1.92
ypr	1.51	-3.19	-1.92
ypr	1.51	-3.18	-1.92
ypr	1.51	-3.19	-1.92
ypr	1.51	-3.19	-1.92
ypr	1.51	-3.19	-1.92
ypr	1.51	-3.19	-1.92
ypr	1.51	-3.19	-1.92
ypr	1.51	-3.19	-1.92
ypr	1.51	-3.18	-1.92
ypr	1.51	-3.18	-1.92
ypr	1.51	-3.18	-1.92
ypr	1.51	-3.19	-1.92
ypr	1.50	-3.19	-1.92
ypr	1.50	-3.18	-1.92
ypr	1.50	-3.18	-1.92
ypr	1.50	-3.18	-1.92
ypr	1.51	-3.18	-1.92
ypr	1.51	-3.19	-1.92
ypr	1.51	-3.18	-1.92
ypr	1.51	-3.19	-1.92
ypr	1.51	-3.19	-1.92
